3203395597 550233.0 -999.0 -999.0 -999.0 8.619126319885254 -6.703764915466309 -5.746084213256836 0.0 1.0160200595855713 21.491822638511657 100143.94967657438 954211956
3203395597 550333.0 -999.0 -999.0 -999.0 7.661445617675781 -6.224924564361572 -7.661445617675781 -0.20000000298023224 1.0160000324249268 21.49287423610687 100147.77128369652 912578138
3203395597 550433.0 -999.0 -999.0 -999.0 8.619126319885254 -6.224924564361572 -6.224924564361572 -0.10000000149011612 1.0160000324249268 21.494583082199096 100142.17765775448 3023205861
3203395597 550533.0 -999.0 -999.0 -999.0 7.182605266571045 -6.703764915466309 -5.2672438621521 0.0 1.0159900188446045 21.491691188812254 100145.08599148784 3324661971
3203395597 550633.0 -999.0 -999.0 -999.0 7.661445617675781 -6.224924564361572 -7.182605266571045 0.10000000149011612 1.020009994506836 21.49261133670807 100143.35449250456 2019727948
3203395597 550733.0 -999.0 -999.0 -999.0 8.619126319885254 -6.224924564361572 -8.619126319885254 -0.30000001192092896 1.0120099782943726 21.49109966516495 100141.13759500353 3555744018
3203395597 550833.0 -999.0 -999.0 -999.0 8.14028549194336 -7.182605266571045 -6.224924564361572 0.0 1.0159900188446045 21.493071410655975 100145.48342695765 2857732876
3203395597 550933.0 -999.0 -999.0 -999.0 8.619126319885254 -6.703764915466309 -6.224924564361572 0.30000001192092896 1.0159800052642822 21.489916617870332 100144.90836171704 4217778851
3203395597 551033.0 -999.0 -999.0 -999.0 7.661445617675781 -6.703764915466309 -6.224924564361572 0.10000000149011612 1.0159900188446045 21.490179517269134 100144.11362849365 575795209
3203395597 551133.0 -999.0 -999.0 -999.0 8.619126319885254 -6.703764915466309 -6.703764915466309 -0.10000000149011612 1.0159900188446045 21.491559739112855 100142.17754735044 1363725302
3203395597 551233.0 -999.0 -999.0 -999.0 8.14028549194336 -4.788403511047363 -5.746084213256836 -0.20000000298023224 1.0199999809265137 21.4947802567482 100149.22391408568 2422467252
3203395597 551333.0 -999.0 -999.0 -999.0 9.097966194152832 -7.661445617675781 -6.703764915466309 0.0 1.0160000324249268 21.49195408821106 100145.45801299938 2131373840
3203395597 551433.0 -999.0 -999.0 -999.0 8.619126319885254 -5.746084213256836 -7.182605266571045 0.0 1.0159900188446045 21.493202860355378 100140.76903994905 3897618589
3203395597 551533.0 -999.0 -999.0 -999.0 6.703764915466309 -5.746084213256836 -7.182605266571045 0.30000001192092896 1.0159900188446045 21.49280851125717 100139.89987476202 3460802452
3203395597 551633.0 -999.0 -999.0 -999.0 7.661445617675781 -5.2672438621521 -6.224924564361572 -0.10000000149011612 1.0159800052642822 21.491428289413452 100141.99153761676 2254917995
3203395597 551733.0 -999.0 -999.0 -999.0 7.182605266571045 -5.746084213256836 -7.182605266571045 -0.10000000149011612 1.0159800052642822 21.492545611858368 100144.27267911524 1823292160
3203395597 551833.0 -999.0 -999.0 -999.0 8.14028549194336 -6.224924564361572 -7.182605266571045 -0.10000000149011612 1.0159900188446045 21.491888363361358 100146.76511727585 1439762506
3203395597 551933.0 -999.0 -999.0 -999.0 7.661445617675781 -7.182605266571045 -5.2672438621521 0.10000000149011612 1.0159900188446045 21.492479887008667 100140.36825907856 704851243
3203395597 552033.0 -999.0 -999.0 -999.0 7.661445617675781 -6.703764915466309 -7.661445617675781 0.0 1.0159800052642822 21.4947145318985 100145.39725845572 851682506
3203395597 552133.0 -999.0 -999.0 -999.0 7.182605266571045 -6.703764915466309 -6.224924564361572 -0.10000000149011612 1.0120099782943726 21.489522268772124 100147.69502066472 1904553804
3203395597 552233.0 -999.0 -999.0 -999.0 7.661445617675781 -6.224924564361572 -6.703764915466309 -0.20000000298023224 1.0159599781036377 21.494583082199096 100142.72214811484 4137207727
3203395597 552333.0 -999.0 -999.0 -999.0 7.182605266571045 -7.661445617675781 -7.182605266571045 -0.10000000149011612 1.0160200595855713 21.48978516817093 100145.11126918354 1495092557
3203395597 552433.0 -999.0 -999.0 -999.0 7.182605266571045 -4.788403511047363 -7.661445617675781 -0.10000000149011612 1.0160000324249268 21.493005685806274 100142.90133131828 1356298941
3203395597 552533.0 -999.0 -999.0 -999.0 8.14028549194336 -5.746084213256836 -6.703764915466309 0.0 1.0159900188446045 21.493597209453583 100146.46082484335 2780378413
3203395597 552633.0 -999.0 -999.0 -999.0 7.661445617675781 -6.703764915466309 -6.224924564361572 0.0 1.0199799537658691 21.493662934303284 100145.07593126694 997321374
3203395597 552733.0 -999.0 -999.0 -999.0 6.703764915466309 -6.703764915466309 -7.182605266571045 -0.20000000298023224 1.0159800052642822 21.49261133670807 100147.78818030507 1538541812
3203395597 552833.0 -999.0 -999.0 -999.0 6.703764915466309 -6.703764915466309 -5.746084213256836 -0.4000000059604645 1.020009994506836 21.49326858520508 100141.40653364314 1237617411
3203395597 552933.0 -999.0 -999.0 -999.0 7.182605266571045 -6.703764915466309 -7.182605266571045 0.0 1.0199899673461914 21.491559739112855 100144.27771035 1773349520
3203395597 553033.0 -999.0 -999.0 -999.0 8.619126319885254 -6.224924564361572 -5.746084213256836 -0.10000000149011612 1.0160000324249268 21.491559739112855 100148.86695542306 766650350
3203395597 553133.0 -999.0 -999.0 -999.0 9.576807022094727 -6.703764915466309 -7.182605266571045 0.30000001192092896 1.0159800052642822 21.492479887008667 100139.66820331448 3691411760
3203395597 553233.0 -999.0 -999.0 -999.0 6.703764915466309 -6.703764915466309 -5.746084213256836 0.0 1.016010046005249 21.493991558551787 100143.98527487618 836036833
3203395597 553333.0 -999.0 -999.0 -999.0 8.619126319885254 -6.703764915466309 -5.746084213256836 -0.10000000149011612 1.0159900188446045 21.491033940315248 100146.25609984552 3448441841
3203395597 553433.0 -999.0 -999.0 -999.0 9.097966194152832 -6.703764915466309 -7.182605266571045 -0.10000000149011612 1.0160000324249268 21.49050814151764 100146.36767724078 3392853613
3203395597 553533.0 -999.0 -999.0 -999.0 8.14028549194336 -7.182605266571045 -7.661445617675781 0.0 1.016010046005249 21.492414162158965 100145.87569963167 321602479
3203395597 553633.0 -999.0 -999.0 -999.0 7.661445617675781 -6.224924564361572 -6.703764915466309 -0.10000000149011612 1.0159800052642822 21.489259369373322 100143.58939516707 3536927868
3203395597 553733.0 -999.0 -999.0 -999.0 9.097966194152832 -6.224924564361572 -7.182605266571045 0.10000000149011612 1.0159800052642822 21.491888363361358 100147.07625276217 3979499747
3203395597 553833.0 -999.0 -999.0 -999.0 8.619126319885254 -6.224924564361572 -5.746084213256836 0.10000000149011612 1.020009994506836 21.49418873310089 100144.34207572177 3883680538
3203395597 553933.0 -999.0 -999.0 -999.0 7.661445617675781 -4.788403511047363 -5.746084213256836 0.30000001192092896 1.0160000324249268 21.491559739112855 100139.9218167213 520689335
3203395597 554033.0 -999.0 -999.0 -999.0 7.661445617675781 -7.661445617675781 -8.619126319885254 -0.10000000149011612 1.016010046005249 21.49418873310089 100141.69741057392 1374456481
3203395597 554133.0 -999.0 -999.0 -999.0 8.619126319885254 -6.703764915466309 -6.224924564361572 -0.10000000149011612 1.016010046005249 21.493005685806274 100147.72394332587 3692360350
3203395597 554233.0 -999.0 -999.0 -999.0 7.182605266571045 -7.661445617675781 -5.2672438621521 0.10000000149011612 1.0159800052642822 21.493991558551787 100145.85209651582 2895482607
3203395597 554333.0 -999.0 -999.0 -999.0 8.619126319885254 -6.703764915466309 -6.703764915466309 -0.20000000298023224 1.0160000324249268 21.493334310054777 100149.1223825682 3446398497
3203395597 554433.0 -999.0 -999.0 -999.0 9.097966194152832 -5.2672438621521 -7.182605266571045 0.0 1.0199799537658691 21.488733570575715 100141.52304113595 2402558133
3203395597 554533.0 -999.0 -999.0 -999.0 8.619126319885254 -6.224924564361572 -6.703764915466309 0.10000000149011612 1.0159900188446045 21.4949774312973 100146.70269469364 3148642729
3203395597 554633.0 -999.0 -999.0 -999.0 9.576807022094727 -8.14028549194336 -4.309563159942627 -0.20000000298023224 1.016010046005249 21.49340003490448 100139.80350866364 142469367
3203395597 554733.0 -999.0 -999.0 -999.0 7.182605266571045 -6.703764915466309 -8.14028549194336 -0.10000000149011612 1.0160000324249268 21.491822638511657 100149.78346609115 474474831
3203395597 554833.0 -999.0 -999.0 -999.0 7.661445617675781 -6.703764915466309 -6.703764915466309 0.10000000149011612 1.0199899673461914 21.49629192829132 100144.7513727496 2670393715
3203395597 554933.0 -999.0 -999.0 -999.0 8.14028549194336 -8.14028549194336 -6.703764915466309 -0.10000000149011612 1.0159900188446045 21.4947145318985 100151.54222288824 1114313448
3203395597 555033.0 -999.0 -999.0 -999.0 7.661445617675781 -7.182605266571045 -6.224924564361572 -0.20000000298023224 1.0159900188446045 21.494517357349395 100144.26261357951 1520871701
3203395597 555133.0 -999.0 -999.0 -999.0 8.619126319885254 -6.703764915466309 -8.14028549194336 0.0 1.0199899673461914 21.492216987609865 100144.50770809213 1187132245
3203395597 555233.0 -999.0 -999.0 -999.0 7.182605266571045 -5.2672438621521 -5.2672438621521 -0.10000000149011612 1.016010046005249 21.49044241666794 100146.58580638393 2573935693
3203395597 555333.0 -999.0 -999.0 -999.0 8.14028549194336 -5.746084213256836 -6.224924564361572 -0.10000000149011612 1.0159900188446045 21.49050814151764 100144.18973551411 2402546046
3203395597 555433.0 -999.0 -999.0 -999.0 8.619126319885254 -6.703764915466309 -6.703764915466309 0.0 1.0120099782943726 21.496357653141022 100146.71121013552 3014271219
3203395597 555533.0 -999.0 -999.0 -999.0 8.14028549194336 -7.182605266571045 -6.703764915466309 0.10000000149011612 1.0160000324249268 21.49287423610687 100150.26037303815 795258789
3203395597 555633.0 -999.0 -999.0 -999.0 6.224924564361572 -5.746084213256836 -6.224924564361572 -0.20000000298023224 1.0160200595855713 21.489982342720033 100138.15641507081 682584190
3203395597 555733.0 -999.0 -999.0 -999.0 8.619126319885254 -5.746084213256836 -6.703764915466309 -0.10000000149011612 1.0199999809265137 21.489982342720033 100147.72379076685 2090265685
3203395597 555833.0 -999.0 -999.0 -999.0 7.182605266571045 -6.224924564361572 -6.703764915466309 -0.10000000149011612 1.0199899673461914 21.494911706447603 100145.90962913402 3767576716
3203395597 555933.0 -999.0 -999.0 -999.0 6.224924564361572 -6.703764915466309 -6.703764915466309 0.0 1.0159800052642822 21.49050814151764 100149.09010439913 3303513342
3203395597 556033.0 -999.0 -999.0 -999.0 7.182605266571045 -5.746084213256836 -7.182605266571045 -0.10000000149011612 1.016010046005249 21.491428289413452 100142.53602416135 849617558
3203395597 556133.0 -999.0 -999.0 -999.0 7.661445617675781 -6.703764915466309 -5.746084213256836 0.20000000298023224 1.0159800052642822 21.496489102840425 100152.18657994136 3832910561
3203395597 556233.0 -999.0 -999.0 -999.0 7.182605266571045 -8.14028549194336 -6.224924564361572 -0.20000000298023224 1.0199599266052246 21.49267706155777 100147.72561815556 3778673258
3203395597 556333.0 -999.0 -999.0 -999.0 7.661445617675781 -6.224924564361572 -7.182605266571045 0.20000000298023224 1.0160000324249268 21.495831854343415 100148.37848225818 815473543
3203395597 556433.0 -999.0 -999.0 -999.0 8.619126319885254 -6.224924564361572 -6.224924564361572 0.0 1.0159800052642822 21.493925833702086 100152.05961287708 132151583
3203395597 556533.0 -999.0 -999.0 -999.0 7.661445617675781 -6.703764915466309 -6.224924564361572 0.10000000149011612 1.0159900188446045 21.494517357349395 100145.89608442207 3759032932
3203395597 556633.0 -999.0 -999.0 -999.0 6.224924564361572 -4.788403511047363 -9.097966194152832 0.10000000149011612 1.0159800052642822 21.491033940315248 100142.98918343976 553226542
3203395597 556733.0 -999.0 -999.0 -999.0 8.14028549194336 -5.2672438621521 -6.224924564361572 0.0 1.016010046005249 21.49563467979431 100146.77712637337 1760887839
3203395597 556833.0 -999.0 -999.0 -999.0 8.14028549194336 -6.224924564361572 -5.2672438621521 0.0 1.01596999168396 21.493005685806274 100142.90133131828 1026135869
3203395597 556933.0 -999.0 -999.0 -999.0 7.661445617675781 -7.182605266571045 -6.703764915466309 -0.20000000298023224 1.0160000324249268 21.49261133670807 100143.04335651855 195947603
3203395597 557033.0 -999.0 -999.0 -999.0 7.661445617675781 -6.703764915466309 -6.703764915466309 0.10000000149011612 1.016010046005249 21.495897579193116 100146.60465911444 2721559902
3203395597 557133.0 -999.0 -999.0 -999.0 8.14028549194336 -7.182605266571045 -7.182605266571045 0.0 1.016010046005249 21.495306055545807 100148.2567075731 3373475983
3203395597 557233.0 -999.0 -999.0 -999.0 7.661445617675781 -6.224924564361572 -5.746084213256836 -0.10000000149011612 1.0160000324249268 21.491822638511657 100149.6278983707 1361166571
3203395597 557333.0 -999.0 -999.0 -999.0 7.182605266571045 -6.703764915466309 -7.182605266571045 -0.10000000149011612 1.0160000324249268 21.4949774312973 100151.99203425614 3393162191
3203395597 557433.0 -999.0 -999.0 -999.0 6.703764915466309 -6.703764915466309 -7.182605266571045 0.0 1.0119699239730835 21.49550323009491 100146.90225214872 3147494851
3203395597 557533.0 -999.0 -999.0 -999.0 7.661445617675781 -6.703764915466309 -6.224924564361572 0.10000000149011612 1.016010046005249 21.494911706447603 100151.82124307609 1992534070
3203395597 557633.0 -999.0 -999.0 -999.0 6.224924564361572 -6.703764915466309 -6.224924564361572 -0.20000000298023224 1.016010046005249 21.494517357349395 100149.47416341054 1542791697
3203395597 557733.0 -999.0 -999.0 -999.0 8.14028549194336 -7.661445617675781 -5.746084213256836 0.20000000298023224 1.0159900188446045 21.49326858520508 100145.84022791681 1071849867
3203395597 557833.0 -999.0 -999.0 -999.0 6.224924564361572 -6.703764915466309 -6.703764915466309 0.0 1.0199999809265137 21.492479887008667 100149.4689840117 2093260648
3203395597 557933.0 -999.0 -999.0 -999.0 8.619126319885254 -6.703764915466309 -6.703764915466309 -0.20000000298023224 1.0159900188446045 21.495174605846405 100149.47081493225 3636156029
3203395597 558033.0 -999.0 -999.0 -999.0 7.661445617675781 -5.2672438621521 -6.703764915466309 0.10000000149011612 1.0160000324249268 21.492216987609865 100150.80820628945 3215302734
3203395597 558133.0 -999.0 -999.0 -999.0 7.182605266571045 -7.182605266571045 -7.661445617675781 -0.20000000298023224 1.0160000324249268 21.497146351337435 100147.6717168297 2278652162
3203395597 558233.0 -999.0 -999.0 -999.0 7.182605266571045 -5.2672438621521 -6.224924564361572 -0.20000000298023224 1.0160200595855713 21.490836765766144 100149.94405189561 2516271432
3203395597 558333.0 -999.0 -999.0 -999.0 7.182605266571045 -7.182605266571045 -6.703764915466309 -0.10000000149011612 1.016010046005249 21.490902490615845 100144.90333354854 2823832600
3203395597 558433.0 -999.0 -999.0 -999.0 9.097966194152832 -6.703764915466309 -6.703764915466309 -0.10000000149011612 1.0160000324249268 21.492216987609865 100150.18593486256 2656140415
3203395597 558533.0 -999.0 -999.0 -999.0 7.661445617675781 -6.703764915466309 -7.182605266571045 -0.10000000149011612 1.0159800052642822 21.49136256456375 100149.98804597976 3316476276
3203395597 558633.0 -999.0 -999.0 -999.0 7.661445617675781 -6.224924564361572 -6.224924564361572 -0.10000000149011612 1.0199899673461914 21.494385907649995 100146.72126872113 3847052662
3203395597 558733.0 -999.0 -999.0 -999.0 7.182605266571045 -5.746084213256836 -7.182605266571045 0.10000000149011612 1.0199899673461914 21.492939960956573 100146.93088095743 726667664
3203395597 558833.0 -999.0 -999.0 -999.0 7.182605266571045 -6.224924564361572 -7.661445617675781 -0.10000000149011612 1.01596999168396 21.493662934303284 100144.99814708871 2840655873
3203395597 558933.0 -999.0 -999.0 -999.0 8.14028549194336 -6.224924564361572 -6.703764915466309 -0.10000000149011612 1.0159900188446045 21.493991558551787 100147.48556545051 3098474834
3203395597 559033.0 -999.0 -999.0 -999.0 8.619126319885254 -6.703764915466309 -7.182605266571045 -0.10000000149011612 1.0159800052642822 21.494911706447603 100148.70986731711 4193245173
3203395597 559133.0 -999.0 -999.0 -999.0 7.182605266571045 -7.182605266571045 -6.703764915466309 -0.10000000149011612 1.0160000324249268 21.493662934303284 100151.45423387957 4094954673
3203395597 559233.0 -999.0 -999.0 -999.0 7.661445617675781 -7.182605266571045 -5.746084213256836 -0.20000000298023224 1.0159800052642822 21.49195408821106 100147.09147454103 3650428856
3203395597 559333.0 -999.0 -999.0 -999.0 8.619126319885254 -6.703764915466309 -6.703764915466309 0.0 1.020009994506836 21.49109966516495 100151.40504806352 4065512603
3203395597 559433.0 -999.0 -999.0 -999.0 8.14028549194336 -6.703764915466309 -5.746084213256836 0.10000000149011612 1.0160200595855713 21.49412300825119 100150.2384580049 902833459
3203395597 559533.0 -999.0 -999.0 -999.0 6.703764915466309 -6.703764915466309 -6.703764915466309 -0.10000000149011612 1.0159900188446045 21.494320182800294 100149.97298733276 3505201506
3203395597 559633.0 -999.0 -999.0 -999.0 9.097966194152832 -5.746084213256836 -6.224924564361572 0.0 1.016010046005249 21.493005685806274 100148.03507958443 4057329194
3203395597 559733.0 -999.0 -999.0 -999.0 6.703764915466309 -6.224924564361572 -6.703764915466309 -0.20000000298023224 1.016010046005249 21.496357653141022 100149.74481124431 2819382504
3203395597 559833.0 -999.0 -999.0 -999.0 6.703764915466309 -7.661445617675781 -6.703764915466309 0.10000000149011612 1.016010046005249 21.49412300825119 100147.8271460163 1093725529
3203395597 559933.0 -999.0 -999.0 -999.0 7.182605266571045 -8.14028549194336 -5.746084213256836 0.10000000149011612 1.0159800052642822 21.494451632499693 100148.29217665328 1625246899
3203395597 560033.0 -999.0 -999.0 -999.0 7.661445617675781 -7.182605266571045 -6.224924564361572 0.10000000149011612 1.0159800052642822 21.49326858520508 100146.15136435707 1894689178
3203395597 560133.0 -999.0 -999.0 -999.0 6.703764915466309 -8.14028549194336 -5.2672438621521 -0.20000000298023224 1.0160499811172485 21.494320182800294 100144.76143978437 4009793392
3203395597 560233.0 -999.0 -999.0 -999.0 8.14028549194336 -8.14028549194336 -6.224924564361572 -0.20000000298023224 1.0159900188446045 21.494911706447603 100146.9208262557 1529935554
3203395597 560333.0 -999.0 -999.0 -999.0 7.182605266571045 -6.703764915466309 -7.661445617675781 0.20000000298023224 1.01596999168396 21.495174605846405 100146.59279067445 2263290370
3203395597 560433.0 -999.0 -999.0 -999.0 8.619126319885254 -7.182605266571045 -7.182605266571045 -0.4000000059604645 1.0159900188446045 21.493334310054777 100153.78942985347 3502141131
3203395597 560533.0 -999.0 -999.0 -999.0 6.703764915466309 -7.182605266571045 -8.619126319885254 -0.30000001192092896 1.016010046005249 21.493991558551787 100147.25221274554 2334733348
3203395597 560633.0 -999.0 -999.0 -999.0 7.182605266571045 -5.746084213256836 -7.661445617675781 0.10000000149011612 1.0159800052642822 21.489719443321228 100150.3075419073 1737000553
3203395597 560733.0 -999.0 -999.0 -999.0 9.097966194152832 -7.661445617675781 -6.703764915466309 0.10000000149011612 1.0199799537658691 21.4949774312973 100150.9030525815 3950674381
3203395597 560833.0 -999.0 -999.0 -999.0 8.14028549194336 -6.703764915466309 -6.703764915466309 -0.20000000298023224 1.0199899673461914 21.490968215465546 100147.25206642118 191835824
3203395597 560933.0 -999.0 -999.0 -999.0 7.182605266571045 -6.224924564361572 -7.182605266571045 0.20000000298023224 1.0120099782943726 21.495766129493713 100150.61901212917 1465421615
3203395597 561033.0 -999.0 -999.0 -999.0 7.182605266571045 -6.224924564361572 -6.224924564361572 -0.20000000298023224 1.016010046005249 21.496357653141022 100150.98936554536 2198270697
3203395597 561133.0 -999.0 -999.0 -999.0 7.661445617675781 -7.182605266571045 -7.661445617675781 -0.30000001192092896 1.0159900188446045 21.493728659152985 100151.54724042714 829927762
3203395597 561233.0 -999.0 -999.0 -999.0 7.661445617675781 -6.703764915466309 -8.14028549194336 -0.20000000298023224 1.0159900188446045 21.495108880996703 100155.91170044252 199078673
3203395597 561333.0 -999.0 -999.0 -999.0 8.14028549194336 -7.182605266571045 -7.182605266571045 -0.10000000149011612 1.0159800052642822 21.495240330696106 100149.87495920336 3070040636
3203395597 561433.0 -999.0 -999.0 -999.0 7.182605266571045 -7.182605266571045 -5.746084213256836 0.10000000149011612 1.0199899673461914 21.493925833702086 100152.05961287708 1656037088
3203395597 561533.0 -999.0 -999.0 -999.0 9.097966194152832 -6.703764915466309 -6.703764915466309 0.0 1.0160000324249268 21.490376691818238 100148.74852571849 1479589077
3203395597 561633.0 -999.0 -999.0 -999.0 7.182605266571045 -8.14028549194336 -7.182605266571045 0.10000000149011612 1.01596999168396 21.495831854343415 100149.07854323488 2163774978
3203395597 561733.0 -999.0 -999.0 -999.0 5.746084213256836 -6.703764915466309 -7.182605266571045 0.10000000149011612 1.0159900188446045 21.492545611858368 100148.55079829815 3612770272
3203395597 561833.0 -999.0 -999.0 -999.0 7.182605266571045 -5.746084213256836 -6.224924564361572 0.0 1.0159800052642822 21.496489102840425 100153.11999593972 2558225224
3203395597 561933.0 -999.0 -999.0 -999.0 9.097966194152832 -5.746084213256836 -8.14028549194336 -0.4000000059604645 1.0159900188446045 21.49602902889252 100148.57971693916 4141051902
3203395597 562033.0 -999.0 -999.0 -999.0 9.097966194152832 -7.182605266571045 -6.224924564361572 0.0 1.016010046005249 21.49340003490448 100148.51533153467 3726121446
3203395597 562133.0 -999.0 -999.0 -999.0 6.703764915466309 -7.182605266571045 -7.182605266571045 0.10000000149011612 1.0160000324249268 21.49688345193863 100150.80000419903 1872386713
3203395597 562233.0 -999.0 -999.0 -999.0 7.661445617675781 -6.703764915466309 -7.661445617675781 -0.10000000149011612 1.016010046005249 21.492479887008667 100147.67995261459 3185853291
3203395597 562333.0 -999.0 -999.0 -999.0 6.703764915466309 -5.746084213256836 -7.182605266571045 -0.10000000149011612 1.0159900188446045 21.49418873310089 100151.65379701284 2732053550
3203395597 562433.0 -999.0 -999.0 -999.0 7.182605266571045 -6.224924564361572 -8.619126319885254 0.0 1.0160000324249268 21.49622620344162 100147.69196706096 2659324069
3203395597 562533.0 -999.0 -999.0 -999.0 7.661445617675781 -5.746084213256836 -7.661445617675781 -0.20000000298023224 1.0159800052642822 21.492939960956573 100150.74229956826 2146146277
3203395597 562633.0 -999.0 -999.0 -999.0 7.182605266571045 -5.746084213256836 -5.2672438621521 -0.10000000149011612 1.0160000324249268 21.494385907649995 100147.49911175235 2523674932
3203395597 562733.0 -999.0 -999.0 -999.0 7.661445617675781 -5.746084213256836 -7.182605266571045 0.20000000298023224 1.0159900188446045 21.493794384002687 100149.69564197457 2561120061
3203395597 562833.0 -999.0 -999.0 -999.0 8.619126319885254 -6.703764915466309 -6.703764915466309 -0.10000000149011612 1.0160000324249268 21.492216987609865 100150.88599021782 3499259549
3203395597 562933.0 -999.0 -999.0 -999.0 7.182605266571045 -6.224924564361572 -8.14028549194336 -0.20000000298023224 1.016010046005249 21.492742786407472 100150.69663273264 3453615140
3203395597 563033.0 -999.0 -999.0 -999.0 7.182605266571045 -6.224924564361572 -7.182605266571045 -0.30000001192092896 1.0200200080871582 21.493794384002687 100151.25132599287 2918864433
3203395597 563133.0 -999.0 -999.0 -999.0 7.661445617675781 -6.703764915466309 -6.703764915466309 0.0 1.016010046005249 21.49760642528534 100150.8118781696 3905161360
3203395597 563233.0 -999.0 -999.0 -999.0 8.619126319885254 -5.746084213256836 -7.182605266571045 0.0 1.0159900188446045 21.495306055545807 100151.13473267129 622400658
3203395597 563333.0 -999.0 -999.0 -999.0 6.703764915466309 -6.224924564361572 -7.661445617675781 -0.20000000298023224 1.0159599781036377 21.49340003490448 100150.84885551801 3071824980
3203395597 563433.0 -999.0 -999.0 -999.0 7.661445617675781 -5.746084213256836 -8.14028549194336 -0.20000000298023224 1.0160000324249268 21.4948459815979 100146.51668268867 2360883168
3203395597 563533.0 -999.0 -999.0 -999.0 8.619126319885254 -7.182605266571045 -5.2672438621521 -0.20000000298023224 1.0160499811172485 21.489587993621825 100156.57755866196 3907757890
3203395597 563633.0 -999.0 -999.0 -999.0 8.619126319885254 -5.746084213256836 -6.703764915466309 0.10000000149011612 1.0159800052642822 21.49280851125717 100147.21157363555 2334880225
