3203395597 55433.0 -999.0 -999.0 -999.0 9.576807022094727 1.9153614044189453 -4.788403511047363 -0.10000000149011612 1.0160000324249268 21.65501744031906 100143.46069292477 3658920175
3203395597 55533.0 -999.0 -999.0 -999.0 9.097966194152832 2.3942017555236816 -7.182605266571045 -0.20000000298023224 1.0159800052642822 21.657514984607698 100149.40795273092 2842664832
3203395597 55633.0 -999.0 -999.0 -999.0 8.14028549194336 2.3942017555236816 -5.746084213256836 -0.20000000298023224 1.016010046005249 21.653374319076537 100145.02559385035 3638767407
3203395597 55733.0 -999.0 -999.0 -999.0 8.14028549194336 1.9153614044189453 -6.703764915466309 -0.10000000149011612 1.0160200595855713 21.656792011260986 100143.87151783038 1061371205
3203395597 55833.0 -999.0 -999.0 -999.0 9.576807022094727 3.3518824577331543 -5.746084213256836 0.0 1.0159900188446045 21.652322721481323 100148.5949055476 3290327013
3203395597 55933.0 -999.0 -999.0 -999.0 9.097966194152832 2.3942017555236816 -5.746084213256836 0.0 1.016010046005249 21.655346064567567 100145.17082602516 914575898
3203395597 56033.0 -999.0 -999.0 -999.0 9.097966194152832 3.8307228088378906 -5.2672438621521 0.10000000149011612 1.0159800052642822 21.660275428295137 100144.28888707096 3210904707
3203395597 56133.0 -999.0 -999.0 -999.0 10.5344877243042 1.436521053314209 -8.14028549194336 -0.10000000149011612 1.0120099782943726 21.654294466972352 100144.77174654696 3175121333
3203395597 56233.0 -999.0 -999.0 -999.0 9.576807022094727 1.436521053314209 -6.703764915466309 0.10000000149011612 1.0159800052642822 21.656134762763976 100151.42277333044 3094978826
3203395597 56333.0 -999.0 -999.0 -999.0 8.14028549194336 2.3942017555236816 -5.746084213256836 0.0 1.0160200595855713 21.655477514266966 100150.41467120074 838584732
3203395597 56433.0 -999.0 -999.0 -999.0 9.097966194152832 1.9153614044189453 -6.703764915466309 -0.20000000298023224 1.0159900188446045 21.65633193731308 100149.05624307052 3856932010
3203395597 56533.0 -999.0 -999.0 -999.0 9.097966194152832 1.436521053314209 -6.224924564361572 -0.20000000298023224 1.0199899673461914 21.659486730098724 100143.95067324454 1988498388
3203395597 56633.0 -999.0 -999.0 -999.0 8.14028549194336 1.9153614044189453 -6.703764915466309 -0.20000000298023224 1.0159900188446045 21.65416301727295 100144.04100744604 3675649591
3203395597 56733.0 -999.0 -999.0 -999.0 8.619126319885254 1.9153614044189453 -7.182605266571045 0.10000000149011612 1.0159900188446045 21.653834393024443 100146.29928380487 2003158185
3203395597 56833.0 -999.0 -999.0 -999.0 8.619126319885254 1.9153614044189453 -6.224924564361572 0.10000000149011612 1.0159800052642822 21.655806138515473 100149.71263293925 3608838788
3203395597 56933.0 -999.0 -999.0 -999.0 9.097966194152832 1.9153614044189453 -6.224924564361572 0.10000000149011612 1.0160000324249268 21.653177144527437 100143.96839316428 3783626043
3203395597 57033.0 -999.0 -999.0 -999.0 9.576807022094727 1.436521053314209 -5.2672438621521 -0.10000000149011612 1.0159900188446045 21.65475454092026 100144.48919815433 385465615
3203395597 57133.0 -999.0 -999.0 -999.0 8.619126319885254 3.8307228088378906 -6.224924564361572 0.0 1.01596999168396 21.653702943325044 100144.01230832143 1892906554
3203395597 57233.0 -999.0 -999.0 -999.0 9.576807022094727 2.3942017555236816 -4.788403511047363 -0.20000000298023224 1.0160000324249268 21.656857736110688 100150.34516078874 2278423191
3203395597 57333.0 -999.0 -999.0 -999.0 8.619126319885254 2.873042106628418 -6.703764915466309 -0.20000000298023224 1.0159800052642822 21.652585620880128 100142.97552228469 200464565
3203395597 57433.0 -999.0 -999.0 -999.0 9.576807022094727 1.436521053314209 -5.746084213256836 -0.20000000298023224 1.0159800052642822 21.651534023284913 100144.44392234541 1430836204
3203395597 57533.0 -999.0 -999.0 -999.0 9.097966194152832 3.3518824577331543 -8.14028549194336 -0.20000000298023224 1.016010046005249 21.656200487613678 100145.9133195478 2224608178
3203395597 57633.0 -999.0 -999.0 -999.0 9.097966194152832 2.873042106628418 -5.746084213256836 0.20000000298023224 1.0159800052642822 21.653768668174745 100149.62997683688 3450131571
3203395597 57733.0 -999.0 -999.0 -999.0 9.576807022094727 1.436521053314209 -6.224924564361572 -0.10000000149011612 1.0159900188446045 21.651205399036407 100145.76844754431 1265425218
3203395597 57833.0 -999.0 -999.0 -999.0 9.097966194152832 2.873042106628418 -6.224924564361572 -0.30000001192092896 1.0199899673461914 21.652388446331024 100148.84355693698 2957514383
3203395597 57933.0 -999.0 -999.0 -999.0 10.055646896362305 1.9153614044189453 -5.746084213256836 -0.10000000149011612 1.0159800052642822 21.65541178941727 100143.3185509693 3408001160
3203395597 58033.0 -999.0 -999.0 -999.0 9.097966194152832 1.9153614044189453 -6.703764915466309 0.0 1.0159900188446045 21.653900117874144 100144.91388642424 1007342676
3203395597 58133.0 -999.0 -999.0 -999.0 8.14028549194336 2.3942017555236816 -5.746084213256836 -0.30000001192092896 1.0159900188446045 21.65541178941727 100146.04197539037 2623398940
3203395597 58233.0 -999.0 -999.0 -999.0 9.097966194152832 1.9153614044189453 -5.746084213256836 -0.10000000149011612 1.0160000324249268 21.6507453250885 100144.72819828417 3326941671
3203395597 58333.0 -999.0 -999.0 -999.0 8.619126319885254 2.3942017555236816 -5.2672438621521 -0.10000000149011612 1.0159900188446045 21.65501744031906 100149.84128169541 3403645425
3203395597 58433.0 -999.0 -999.0 -999.0 9.097966194152832 2.3942017555236816 -6.224924564361572 0.0 1.0120099782943726 21.651599748134615 100145.08163008501 363422949
3203395597 58533.0 -999.0 -999.0 -999.0 7.661445617675781 2.3942017555236816 -5.2672438621521 -0.10000000149011612 1.016010046005249 21.653834393024443 100142.95337409305 1939997013
