3203395597 505033.0 -999.0 -999.0 -999.0 8.619126319885254 -7.182605266571045 -6.703764915466309 -0.20000000298023224 1.0159900188446045 21.487944872379302 100146.78521155255 4043165604
3203395597 505133.0 -999.0 -999.0 -999.0 9.097966194152832 -6.224924564361572 -6.703764915466309 -0.10000000149011612 1.0159800052642822 21.484461455345155 100141.38927974817 136236577
3203395597 505233.0 -999.0 -999.0 -999.0 8.14028549194336 -6.224924564361572 -5.746084213256836 -0.20000000298023224 1.0160200595855713 21.48827349662781 100146.00570518433 959598964
3203395597 505333.0 -999.0 -999.0 -999.0 8.14028549194336 -6.703764915466309 -6.703764915466309 0.0 1.0159800052642822 21.484790079593658 100144.9656047755 3797540269
3203395597 505433.0 -999.0 -999.0 -999.0 7.182605266571045 -6.224924564361572 -7.182605266571045 -0.30000001192092896 1.0159900188446045 21.48577595233917 100148.14967742271 4236870885
3203395597 505533.0 -999.0 -999.0 -999.0 7.661445617675781 -6.224924564361572 -6.703764915466309 -0.20000000298023224 1.0159800052642822 21.485973126888275 100143.3728071803 2561936641
3203395597 505633.0 -999.0 -999.0 -999.0 8.14028549194336 -8.14028549194336 -7.661445617675781 -0.20000000298023224 1.0159900188446045 21.48551305294037 100146.84426453355 4172826242
3203395597 505733.0 -999.0 -999.0 -999.0 8.14028549194336 -6.224924564361572 -7.182605266571045 -0.20000000298023224 1.0159800052642822 21.48695899963379 100142.20103439543 644755431
3203395597 505833.0 -999.0 -999.0 -999.0 8.619126319885254 -6.224924564361572 -7.182605266571045 0.0 1.0159599781036377 21.491033940315248 100145.63383005394 2464699815
3203395597 505933.0 -999.0 -999.0 -999.0 8.619126319885254 -7.661445617675781 -6.703764915466309 -0.20000000298023224 1.0160000324249268 21.485644502639772 100134.27389603382 3155763777
3203395597 506033.0 -999.0 -999.0 -999.0 7.661445617675781 -6.224924564361572 -7.182605266571045 -0.20000000298023224 1.0160200595855713 21.483672757148742 100143.85122872103 1347383206
3203395597 506133.0 -999.0 -999.0 -999.0 6.703764915466309 -7.182605266571045 -5.746084213256836 -0.10000000149011612 1.0119999647140503 21.4878791475296 100143.34752981394 215221093
3203395597 506233.0 -999.0 -999.0 -999.0 6.703764915466309 -6.224924564361572 -7.661445617675781 0.0 1.0160000324249268 21.483672757148742 100143.07340420075 3355505088
3203395597 506333.0 -999.0 -999.0 -999.0 8.14028549194336 -5.746084213256836 -6.703764915466309 0.0 1.0119799375534058 21.490771040916442 100146.42856412908 3730448546
3203395597 506433.0 -999.0 -999.0 -999.0 6.703764915466309 -6.703764915466309 -6.703764915466309 0.0 1.0160000324249268 21.485184428691863 100142.80123635623 3379462242
3203395597 506533.0 -999.0 -999.0 -999.0 8.619126319885254 -5.2672438621521 -7.182605266571045 -0.20000000298023224 1.0159900188446045 21.48268688440323 100148.44540639847 768463623
3203395597 506633.0 -999.0 -999.0 -999.0 7.182605266571045 -4.788403511047363 -7.661445617675781 -0.20000000298023224 1.016010046005249 21.490113792419432 100145.96521264853 3277533390
3203395597 506733.0 -999.0 -999.0 -999.0 7.182605266571045 -7.182605266571045 -6.703764915466309 0.0 1.0160000324249268 21.486696100234987 100145.87373223278 4253325155
3203395597 506833.0 -999.0 -999.0 -999.0 7.661445617675781 -7.182605266571045 -5.746084213256836 -0.10000000149011612 1.0160000324249268 21.487813422679903 100152.1606979532 1785723074
3203395597 506933.0 -999.0 -999.0 -999.0 7.182605266571045 -6.703764915466309 -7.661445617675781 0.0 1.020009994506836 21.484790079593658 100149.39921554553 2410569686
3203395597 507033.0 -999.0 -999.0 -999.0 7.661445617675781 -6.703764915466309 -5.746084213256836 -0.20000000298023224 1.0160000324249268 21.488010597229003 100143.84467176328 2164977474
3203395597 507133.0 -999.0 -999.0 -999.0 7.182605266571045 -7.182605266571045 -6.703764915466309 0.0 1.0159800052642822 21.48617030143738 100146.29643818695 551558297
3203395597 507233.0 -999.0 -999.0 -999.0 6.224924564361572 -5.746084213256836 -6.224924564361572 -0.10000000149011612 1.01596999168396 21.487419073581695 100144.87442531 1696547587
3203395597 507333.0 -999.0 -999.0 -999.0 7.661445617675781 -5.746084213256836 -6.703764915466309 0.0 1.0160000324249268 21.487287623882295 100143.75501902014 4152975619
3203395597 507433.0 -999.0 -999.0 -999.0 6.703764915466309 -8.14028549194336 -6.703764915466309 0.0 1.0159900188446045 21.48709044933319 100141.37586339473 648863293
3203395597 507533.0 -999.0 -999.0 -999.0 7.182605266571045 -6.224924564361572 -6.224924564361572 0.0 1.0159900188446045 21.48827349662781 100147.09467064199 2911267233
3203395597 507633.0 -999.0 -999.0 -999.0 8.619126319885254 -6.703764915466309 -6.224924564361572 0.10000000149011612 1.0160200595855713 21.484592905044554 100141.88641781363 4096794023
3203395597 507733.0 -999.0 -999.0 -999.0 9.576807022094727 -6.224924564361572 -5.746084213256836 -0.10000000149011612 1.0199999809265137 21.48853639602661 100141.39959461926 3545224696
3203395597 507833.0 -999.0 -999.0 -999.0 7.661445617675781 -5.2672438621521 -7.182605266571045 0.10000000149011612 1.0160000324249268 21.48492152929306 100147.79622423777 1796357219
3203395597 507933.0 -999.0 -999.0 -999.0 8.619126319885254 -5.746084213256836 -6.703764915466309 0.10000000149011612 1.0160200595855713 21.487353348731993 100146.25929928527 1032667994
3203395597 508033.0 -999.0 -999.0 -999.0 8.14028549194336 -6.224924564361572 -4.788403511047363 0.10000000149011612 1.0159800052642822 21.48827349662781 100143.20550829312 159436857
3203395597 508133.0 -999.0 -999.0 -999.0 8.14028549194336 -6.703764915466309 -5.746084213256836 0.0 1.0160000324249268 21.484395730495454 100142.15188431798 860985112
3203395597 508233.0 -999.0 -999.0 -999.0 8.14028549194336 -8.14028549194336 -6.703764915466309 0.10000000149011612 1.0160000324249268 21.487813422679903 100146.36585197574 1250386487
3203395597 508333.0 -999.0 -999.0 -999.0 7.661445617675781 -6.224924564361572 -5.746084213256836 0.0 1.0159900188446045 21.486236026287077 100143.82260740758 1050923775
3203395597 508433.0 -999.0 -999.0 -999.0 8.619126319885254 -6.224924564361572 -7.182605266571045 0.0 1.0159900188446045 21.486038851737977 100141.59902281867 686292561
3203395597 508533.0 -999.0 -999.0 -999.0 8.619126319885254 -7.661445617675781 -8.619126319885254 -0.20000000298023224 1.020009994506836 21.484790079593658 100142.4765601327 2025817599
3203395597 508633.0 -999.0 -999.0 -999.0 7.182605266571045 -6.224924564361572 -6.703764915466309 0.0 1.0199999809265137 21.487944872379302 100144.2183662761 1406439139
3203395597 508733.0 -999.0 -999.0 -999.0 9.097966194152832 -5.746084213256836 -7.182605266571045 -0.10000000149011612 1.0160200595855713 21.48630175113678 100145.00457249681 294419606
3203395597 508833.0 -999.0 -999.0 -999.0 7.661445617675781 -8.14028549194336 -8.14028549194336 -0.20000000298023224 1.01596999168396 21.487353348731993 100147.2704794291 1713180557
3203395597 508933.0 -999.0 -999.0 -999.0 7.182605266571045 -7.182605266571045 -6.224924564361572 0.10000000149011612 1.011989951133728 21.48216108560562 100141.47879528615 505029305
3203395597 509033.0 -999.0 -999.0 -999.0 8.619126319885254 -5.2672438621521 -6.224924564361572 -0.10000000149011612 1.0160000324249268 21.4877476978302 100142.07255657585 1518181885
3203395597 509133.0 -999.0 -999.0 -999.0 9.097966194152832 -6.703764915466309 -5.746084213256836 0.10000000149011612 1.0159800052642822 21.490179517269134 100141.62455405164 1657635993
3203395597 509233.0 -999.0 -999.0 -999.0 7.661445617675781 -8.14028549194336 -8.14028549194336 -0.4000000059604645 1.016010046005249 21.489456543922426 100142.62387437496 2127856704
3203395597 509333.0 -999.0 -999.0 -999.0 8.14028549194336 -6.224924564361572 -7.182605266571045 0.10000000149011612 1.0160000324249268 21.489325094223023 100143.7601833831 3699692888
3203395597 509433.0 -999.0 -999.0 -999.0 8.14028549194336 -5.746084213256836 -4.788403511047363 -0.20000000298023224 1.0159800052642822 21.487944872379302 100143.36275118394 3348077346
3203395597 509533.0 -999.0 -999.0 -999.0 7.661445617675781 -5.2672438621521 -5.746084213256836 -0.10000000149011612 1.0199899673461914 21.485447328090668 100145.35117015862 2958155090
3203395597 509633.0 -999.0 -999.0 -999.0 8.14028549194336 -6.703764915466309 -6.224924564361572 0.0 1.0160000324249268 21.48643320083618 100138.65681564953 1271356032
3203395597 509733.0 -999.0 -999.0 -999.0 7.182605266571045 -6.224924564361572 -6.224924564361572 -0.10000000149011612 1.0199899673461914 21.485841677188873 100141.475576461 2015955479
3203395597 509833.0 -999.0 -999.0 -999.0 7.661445617675781 -6.703764915466309 -7.182605266571045 0.10000000149011612 1.0159800052642822 21.486827549934386 100145.67082679906 239601553
3203395597 509933.0 -999.0 -999.0 -999.0 7.182605266571045 -6.703764915466309 -6.703764915466309 -0.10000000149011612 1.011989951133728 21.487944872379302 100145.54068050941 2538014875
3203395597 510033.0 -999.0 -999.0 -999.0 8.14028549194336 -5.746084213256836 -7.182605266571045 -0.20000000298023224 1.0160000324249268 21.48709044933319 100143.0870903311 3233504551
3203395597 510133.0 -999.0 -999.0 -999.0 8.619126319885254 -7.182605266571045 -7.182605266571045 -0.10000000149011612 1.0159900188446045 21.49004806756973 100145.56107320389 1411687715
3203395597 510233.0 -999.0 -999.0 -999.0 8.619126319885254 -8.14028549194336 -5.746084213256836 0.0 1.0199999809265137 21.486761825084685 100145.2666901254 1718274704
3203395597 510333.0 -999.0 -999.0 -999.0 7.661445617675781 -5.746084213256836 -8.619126319885254 0.0 1.0159900188446045 21.487156174182893 100141.39108450356 285976426
3203395597 510433.0 -999.0 -999.0 -999.0 7.182605266571045 -6.703764915466309 -7.182605266571045 0.10000000149011612 1.0160000324249268 21.48551305294037 100140.8549912429 290745943
3203395597 510533.0 -999.0 -999.0 -999.0 8.14028549194336 -6.224924564361572 -5.746084213256836 -0.20000000298023224 1.016010046005249 21.48847067117691 100142.70668933366 3994770786
3203395597 510633.0 -999.0 -999.0 -999.0 8.14028549194336 -6.224924564361572 -7.182605266571045 0.10000000149011612 1.0160000324249268 21.4877476978302 100147.59516066083 3781337876
3203395597 510733.0 -999.0 -999.0 -999.0 8.14028549194336 -6.703764915466309 -6.703764915466309 -0.20000000298023224 1.0159800052642822 21.485841677188873 100144.66467235942 1055714190
3203395597 510833.0 -999.0 -999.0 -999.0 6.703764915466309 -7.182605266571045 -6.224924564361572 -0.10000000149011612 1.0160000324249268 21.48511870384216 100145.35284413656 2131323871
3203395597 510933.0 -999.0 -999.0 -999.0 6.703764915466309 -7.182605266571045 -6.703764915466309 0.20000000298023224 1.0159900188446045 21.490968215465546 100141.88499025247 3852581820
3203395597 511033.0 -999.0 -999.0 -999.0 7.661445617675781 -8.14028549194336 -7.182605266571045 -0.20000000298023224 1.016010046005249 21.483738481998444 100143.94423277021 1615245588
3203395597 511133.0 -999.0 -999.0 -999.0 7.661445617675781 -6.224924564361572 -5.2672438621521 0.20000000298023224 1.0159900188446045 21.48551305294037 100145.52195744342 3538996222
3203395597 511233.0 -999.0 -999.0 -999.0 7.661445617675781 -6.703764915466309 -8.14028549194336 0.0 1.016890048980713 21.487813422679903 100149.08826283761 2460542853
3203395597 511333.0 -999.0 -999.0 -999.0 7.182605266571045 -5.2672438621521 -5.2672438621521 -0.10000000149011612 1.016010046005249 21.475128526687623 100141.01683183512 2633621657
3203395597 511433.0 -999.0 -999.0 -999.0 7.182605266571045 -5.746084213256836 -6.224924564361572 0.0 1.0159900188446045 21.48557877779007 100142.73699908177 1138965813
3203395597 511533.0 -999.0 -999.0 -999.0 7.182605266571045 -5.746084213256836 -6.703764915466309 -0.10000000149011612 1.0159800052642822 21.48630175113678 100140.8042955574 1499300201
3203395597 511633.0 -999.0 -999.0 -999.0 6.703764915466309 -4.309563159942627 -7.182605266571045 0.0 1.0159900188446045 21.488076322078705 100143.08206107237 91608512
3203395597 511733.0 -999.0 -999.0 -999.0 7.661445617675781 -6.703764915466309 -5.746084213256836 0.10000000149011612 1.0159900188446045 21.486893274784087 100144.44152040797 2991136437
3203395597 511833.0 -999.0 -999.0 -999.0 6.703764915466309 -8.14028549194336 -6.224924564361572 -0.30000001192092896 1.0160000324249268 21.487287623882295 100144.53284978645 3913883653
3203395597 511933.0 -999.0 -999.0 -999.0 7.182605266571045 -5.746084213256836 -8.14028549194336 0.10000000149011612 1.0159900188446045 21.48577595233917 100143.48270849668 830102499
3203395597 512033.0 -999.0 -999.0 -999.0 7.661445617675781 -6.224924564361572 -6.703764915466309 18.799999237060547 0.9502400159835815 21.49004806756973 100147.1167442759 1688164396
3203395597 512133.0 -999.0 -999.0 -999.0 7.661445617675781 -7.661445617675781 -6.224924564361572 -0.20000000298023224 1.0159800052642822 21.476114399433136 100144.90086761222 2832774329
3203395597 512233.0 -999.0 -999.0 -999.0 8.619126319885254 -7.661445617675781 -8.14028549194336 0.0 1.0160000324249268 21.487156174182893 100144.19127444463 1504559957
3203395597 512333.0 -999.0 -999.0 -999.0 7.661445617675781 -6.703764915466309 -7.661445617675781 0.20000000298023224 1.0160200595855713 21.489916617870332 100147.2418676437 44257204
3203395597 512433.0 -999.0 -999.0 -999.0 8.619126319885254 -7.182605266571045 -6.224924564361572 0.10000000149011612 1.0199899673461914 21.486827549934386 100141.62611094798 4213970179
3203395597 512533.0 -999.0 -999.0 -999.0 8.14028549194336 -6.224924564361572 -8.14028549194336 -0.20000000298023224 1.0160000324249268 21.488865020275117 100142.40910012648 3593442284
3203395597 512633.0 -999.0 -999.0 -999.0 7.661445617675781 -5.746084213256836 -7.182605266571045 0.0 1.0160200595855713 21.49063959121704 100141.57553402483 568170204
3203395597 512733.0 -999.0 -999.0 -999.0 9.097966194152832 -6.703764915466309 -5.746084213256836 0.20000000298023224 1.0160200595855713 21.486761825084685 100144.02216235289 2009039982
3203395597 512833.0 -999.0 -999.0 -999.0 7.182605266571045 -8.14028549194336 -7.182605266571045 -0.10000000149011612 1.0199899673461914 21.488142046928406 100139.13033795945 1946496219
3203395597 512933.0 -999.0 -999.0 -999.0 7.661445617675781 -5.746084213256836 -7.182605266571045 0.0 1.0199799537658691 21.48919364452362 100143.02968996664 2726758126
3203395597 513033.0 -999.0 -999.0 -999.0 6.703764915466309 -6.224924564361572 -7.661445617675781 14.699999809265137 0.9540899991989136 21.48978516817093 100144.80013515084 3669722915
3203395597 513133.0 -999.0 -999.0 -999.0 8.619126319885254 -6.224924564361572 -7.182605266571045 0.0 1.0159900188446045 21.47440555334091 100140.84939576552 1974844194
3203395597 513233.0 -999.0 -999.0 -999.0 7.182605266571045 -6.703764915466309 -6.224924564361572 -0.10000000149011612 1.0160000324249268 21.486498925685883 100143.02788104344 1799350992
3203395597 513333.0 -999.0 -999.0 -999.0 8.619126319885254 -7.661445617675781 -7.661445617675781 -0.20000000298023224 1.011989951133728 21.487944872379302 100144.76284860747 4060370734
3203395597 513433.0 -999.0 -999.0 -999.0 7.661445617675781 -7.182605266571045 -6.703764915466309 0.0 1.0159900188446045 21.49123111486435 100148.09079134389 1166541648
3203395597 513533.0 -999.0 -999.0 -999.0 8.619126319885254 -7.182605266571045 -7.661445617675781 -0.20000000298023224 1.0199999809265137 21.486498925685883 100139.76099754855 800537802
3203395597 513633.0 -999.0 -999.0 -999.0 9.097966194152832 -7.661445617675781 -7.182605266571045 0.10000000149011612 1.01596999168396 21.489719443321228 100142.68475921909 1883727692
3203395597 513733.0 -999.0 -999.0 -999.0 7.182605266571045 -6.224924564361572 -5.746084213256836 0.10000000149011612 1.0199899673461914 21.487484798431396 100143.17841848309 624730669
3203395597 513833.0 -999.0 -999.0 -999.0 6.703764915466309 -6.224924564361572 -5.746084213256836 0.0 1.0119799375534058 21.488207771778107 100145.91270020392 625557969
3203395597 513933.0 -999.0 -999.0 -999.0 7.182605266571045 -6.224924564361572 -6.703764915466309 -0.10000000149011612 1.0199699401855469 21.488076322078705 100151.09373200193 303720646
3203395597 514033.0 -999.0 -999.0 -999.0 6.703764915466309 -7.182605266571045 -7.661445617675781 0.0 1.0160200595855713 21.489062194824218 100143.8548646241 256385561
3203395597 514133.0 -999.0 -999.0 -999.0 7.182605266571045 -6.224924564361572 -7.661445617675781 -0.10000000149011612 1.0159800052642822 21.49004806756973 100141.36076130945 1377715216
3203395597 514233.0 -999.0 -999.0 -999.0 8.619126319885254 -6.703764915466309 -8.619126319885254 -0.20000000298023224 1.0160200595855713 21.490179517269134 100148.70285949614 1736769409
3203395597 514333.0 -999.0 -999.0 -999.0 8.14028549194336 -8.14028549194336 -6.703764915466309 -0.10000000149011612 1.0159800052642822 21.48827349662781 100144.6833899857 652887110
3203395597 514433.0 -999.0 -999.0 -999.0 7.182605266571045 -6.703764915466309 -7.661445617675781 0.20000000298023224 1.0159900188446045 21.491691188812254 100149.20853487591 1617697899
3203395597 514533.0 -999.0 -999.0 -999.0 8.14028549194336 -7.182605266571045 -6.224924564361572 -0.20000000298023224 1.0159800052642822 21.489259369373322 100143.04491124582 3986390986
3203395597 514633.0 -999.0 -999.0 -999.0 7.661445617675781 -6.703764915466309 -5.2672438621521 -0.30000001192092896 1.0159900188446045 21.486827549934386 100146.91535475326 1539367920
3203395597 514733.0 -999.0 -999.0 -999.0 6.703764915466309 -6.224924564361572 -6.703764915466309 0.10000000149011612 1.0160000324249268 21.488799295425416 100151.88344614193 338638182
3203395597 514833.0 -999.0 -999.0 -999.0 8.14028549194336 -7.182605266571045 -7.661445617675781 -0.10000000149011612 1.0160000324249268 21.487156174182893 100145.35802025339 4219536170
3203395597 514933.0 -999.0 -999.0 -999.0 7.182605266571045 -6.703764915466309 -6.703764915466309 0.0 1.0160000324249268 21.48853639602661 100147.70004130393 3005543591
3203395597 515033.0 -999.0 -999.0 -999.0 7.661445617675781 -5.746084213256836 -7.661445617675781 -0.20000000298023224 1.0159900188446045 21.48643320083618 100145.65727925938 1801336160
3203395597 515133.0 -999.0 -999.0 -999.0 7.182605266571045 -6.703764915466309 -5.2672438621521 0.0 1.0160000324249268 21.487156174182893 100144.26905749855 4194986703
3203395597 515233.0 -999.0 -999.0 -999.0 8.14028549194336 -5.746084213256836 -6.224924564361572 0.20000000298023224 1.016010046005249 21.48577595233917 100142.23818344972 903779787
3203395597 515333.0 -999.0 -999.0 -999.0 7.182605266571045 -6.224924564361572 -6.703764915466309 -0.10000000149011612 1.0159900188446045 21.490245242118835 100142.33982738134 3352920887
3203395597 515433.0 -999.0 -999.0 -999.0 7.182605266571045 -5.2672438621521 -6.224924564361572 -0.10000000149011612 1.016010046005249 21.488733570575715 100141.83417444181 995374739
3203395597 515533.0 -999.0 -999.0 -999.0 8.14028549194336 -6.224924564361572 -7.661445617675781 0.0 1.0199599266052246 21.487813422679903 100143.3323084439 3977827494
3203395597 515633.0 -999.0 -999.0 -999.0 7.182605266571045 -5.746084213256836 -6.224924564361572 0.0 1.0159900188446045 21.48571022748947 100141.83404815017 2441766437
3203395597 515733.0 -999.0 -999.0 -999.0 7.661445617675781 -6.703764915466309 -5.746084213256836 0.10000000149011612 1.0159900188446045 21.489653718471526 100144.53634165914 3229349008
3203395597 515833.0 -999.0 -999.0 -999.0 7.661445617675781 -6.224924564361572 -5.746084213256836 -0.10000000149011612 1.0159800052642822 21.48630175113678 100144.9267895905 243954551
3203395597 515933.0 -999.0 -999.0 -999.0 8.14028549194336 -6.703764915466309 -7.661445617675781 -0.10000000149011612 1.0160000324249268 21.486564650535584 100141.95414108952 912278815
3203395597 516033.0 -999.0 -999.0 -999.0 7.661445617675781 -5.2672438621521 -6.703764915466309 0.0 1.0159900188446045 21.4876162481308 100143.83112626773 1836796085
3203395597 516133.0 -999.0 -999.0 -999.0 8.619126319885254 -6.703764915466309 -6.224924564361572 0.30000001192092896 1.0159800052642822 21.490310966968536 100142.19948132618 3307471754
3203395597 516233.0 -999.0 -999.0 -999.0 8.619126319885254 -6.703764915466309 -6.703764915466309 0.10000000149011612 1.016010046005249 21.488010597229003 100143.45575575554 1399883927
3203395597 516333.0 -999.0 -999.0 -999.0 7.661445617675781 -6.703764915466309 -8.14028549194336 0.0 1.020009994506836 21.490179517269134 100143.80249418839 1955627216
3203395597 516433.0 -999.0 -999.0 -999.0 8.619126319885254 -6.224924564361572 -7.182605266571045 0.10000000149011612 1.01596999168396 21.487550523281097 100141.63797740062 374826468
3203395597 516533.0 -999.0 -999.0 -999.0 7.661445617675781 -6.224924564361572 -6.224924564361572 -0.20000000298023224 1.0160000324249268 21.48511870384216 100144.65279981974 2773556839
3203395597 516633.0 -999.0 -999.0 -999.0 8.619126319885254 -7.661445617675781 -6.703764915466309 -0.10000000149011612 1.0160200595855713 21.488142046928406 100140.53043599622 3966720164
3203395597 516733.0 -999.0 -999.0 -999.0 7.661445617675781 -6.224924564361572 -6.224924564361572 0.20000000298023224 1.0159800052642822 21.488602120876312 100145.53733078192 1114448006
3203395597 516833.0 -999.0 -999.0 -999.0 6.703764915466309 -5.746084213256836 -7.182605266571045 -0.10000000149011612 1.0159800052642822 21.483869931697846 100142.65237370084 429816202
3203395597 516933.0 -999.0 -999.0 -999.0 7.182605266571045 -7.182605266571045 -8.619126319885254 -0.10000000149011612 1.0160200595855713 21.49070531606674 100142.83529371742 863266756
3203395597 517033.0 -999.0 -999.0 -999.0 8.619126319885254 -6.224924564361572 -7.182605266571045 -0.20000000298023224 1.011989951133728 21.485052978992464 100148.52671269147 3879165114
3203395597 517133.0 -999.0 -999.0 -999.0 7.182605266571045 -7.182605266571045 -6.703764915466309 0.10000000149011612 1.0159800052642822 21.48893074512482 100149.1914736933 2835086086
3203395597 517233.0 -999.0 -999.0 -999.0 7.182605266571045 -8.14028549194336 -5.746084213256836 -0.30000001192092896 1.0199699401855469 21.486696100234987 100145.09590248854 2159543937
3203395597 517333.0 -999.0 -999.0 -999.0 7.182605266571045 -5.746084213256836 -6.224924564361572 -0.30000001192092896 1.01596999168396 21.488076322078705 100148.37131955012 3418372688
3203395597 517433.0 -999.0 -999.0 -999.0 7.182605266571045 -7.661445617675781 -5.2672438621521 0.20000000298023224 1.0160000324249268 21.489259369373322 100142.42264390722 3431968359
3203395597 517533.0 -999.0 -999.0 -999.0 8.619126319885254 -6.703764915466309 -6.703764915466309 -0.20000000298023224 1.0159800052642822 21.485250153541564 100146.08333217009 1546058996
3203395597 517633.0 -999.0 -999.0 -999.0 7.661445617675781 -5.746084213256836 -6.703764915466309 0.0 1.0160000324249268 21.488142046928406 100146.20861136756 3759037874
3203395597 517733.0 -999.0 -999.0 -999.0 7.661445617675781 -6.224924564361572 -6.703764915466309 -0.20000000298023224 1.0160000324249268 21.488996469974516 100146.56206123644 751046374
3203395597 517833.0 -999.0 -999.0 -999.0 8.619126319885254 -4.788403511047363 -7.661445617675781 -0.20000000298023224 1.020009994506836 21.484724354743957 100140.82790347701 3350668529
3203395597 517933.0 -999.0 -999.0 -999.0 7.661445617675781 -6.703764915466309 -6.224924564361572 -0.20000000298023224 1.0159800052642822 21.484724354743957 100141.83907771553 2045707086
3203395597 518033.0 -999.0 -999.0 -999.0 8.14028549194336 -6.703764915466309 -7.182605266571045 0.0 1.01596999168396 21.487484798431396 100142.2450211547 186287283
3203395597 518133.0 -999.0 -999.0 -999.0 7.661445617675781 -7.661445617675781 -7.661445617675781 -0.10000000149011612 1.0159800052642822 21.489587993621825 100143.19880111577 2354993377
3203395597 518233.0 -999.0 -999.0 -999.0 7.182605266571045 -7.661445617675781 -7.182605266571045 -0.6000000238418579 1.0160000324249268 21.487353348731993 100149.60397206875 4058569230
3203395597 518333.0 -999.0 -999.0 -999.0 7.182605266571045 -6.703764915466309 -7.661445617675781 0.20000000298023224 1.0160000324249268 21.486104576587678 100147.37017653964 705156189
3203395597 518433.0 -999.0 -999.0 -999.0 7.661445617675781 -6.224924564361572 -5.2672438621521 0.10000000149011612 1.0159800052642822 21.486498925685883 100140.69439283281 2949466963
3203395597 518533.0 -999.0 -999.0 -999.0 9.097966194152832 -5.2672438621521 -5.746084213256836 -0.10000000149011612 1.0159900188446045 21.484132831096648 100144.19112741615 3522753194
3203395597 518633.0 -999.0 -999.0 -999.0 8.14028549194336 -7.661445617675781 -8.14028549194336 0.10000000149011612 1.0159599781036377 21.486498925685883 100146.13919865765 1521944906
3203395597 518733.0 -999.0 -999.0 -999.0 8.14028549194336 -7.182605266571045 -6.703764915466309 0.30000001192092896 1.016010046005249 21.488667845726013 100145.24141918676 1281969668
3203395597 518833.0 -999.0 -999.0 -999.0 8.619126319885254 -5.746084213256836 -5.746084213256836 -0.20000000298023224 1.0160000324249268 21.48833922147751 100143.14294637076 2602922970
3203395597 518933.0 -999.0 -999.0 -999.0 7.182605266571045 -6.224924564361572 -7.182605266571045 -0.10000000149011612 1.0160000324249268 21.489325094223023 100144.07131709781 2866031414
3203395597 519033.0 -999.0 -999.0 -999.0 7.661445617675781 -7.182605266571045 -5.2672438621521 -0.10000000149011612 1.0159900188446045 21.48617030143738 100147.22983278983 2713653594
3203395597 519133.0 -999.0 -999.0 -999.0 8.14028549194336 -5.2672438621521 -6.703764915466309 -0.10000000149011612 1.016010046005249 21.48912791967392 100143.40338566052 3785487694
3203395597 519233.0 -999.0 -999.0 -999.0 8.14028549194336 -6.224924564361572 -6.224924564361572 -0.10000000149011612 1.0159800052642822 21.4877476978302 100147.20624488019 2761476065
3203395597 519333.0 -999.0 -999.0 -999.0 8.619126319885254 -6.703764915466309 -6.224924564361572 0.10000000149011612 1.0159800052642822 21.488404946327208 100146.50284829203 43018937
3203395597 519433.0 -999.0 -999.0 -999.0 7.182605266571045 -6.703764915466309 -5.746084213256836 -0.20000000298023224 1.0160000324249268 21.489062194824218 100144.78826522315 3655080672
3203395597 519533.0 -999.0 -999.0 -999.0 7.661445617675781 -6.224924564361572 -7.182605266571045 0.0 1.0159800052642822 21.488010597229003 100145.63368539896 420110109
3203395597 519633.0 -999.0 -999.0 -999.0 7.661445617675781 -6.703764915466309 -6.703764915466309 -0.30000001192092896 1.0159800052642822 21.490836765766144 100143.09908718642 3317090268
3203395597 519733.0 -999.0 -999.0 -999.0 8.619126319885254 -5.746084213256836 -6.224924564361572 -0.10000000149011612 1.0159900188446045 21.489587993621825 100151.52163284508 2367679268
3203395597 519833.0 -999.0 -999.0 -999.0 8.619126319885254 -6.703764915466309 -6.224924564361572 0.0 1.0159900188446045 21.488142046928406 100144.65294688224 2768458498
3203395597 519933.0 -999.0 -999.0 -999.0 7.661445617675781 -6.224924564361572 -6.703764915466309 -0.10000000149011612 1.0199899673461914 21.486564650535584 100145.84328867507 641816197
3203395597 520033.0 -999.0 -999.0 -999.0 7.182605266571045 -6.224924564361572 -5.2672438621521 -0.10000000149011612 1.016010046005249 21.48893074512482 100142.34653796561 1274589576
3203395597 520133.0 -999.0 -999.0 -999.0 8.14028549194336 -5.746084213256836 -7.182605266571045 0.0 1.0160200595855713 21.491428289413452 100148.29202477564 2466827819
3203395597 520233.0 -999.0 -999.0 -999.0 8.619126319885254 -6.703764915466309 -6.703764915466309 0.0 1.016010046005249 21.486893274784087 100140.86350201728 1091044613
3203395597 520333.0 -999.0 -999.0 -999.0 6.703764915466309 -6.224924564361572 -8.619126319885254 0.20000000298023224 1.0159900188446045 21.485973126888275 100142.90611008328 3192414801
3203395597 520433.0 -999.0 -999.0 -999.0 7.182605266571045 -6.703764915466309 -6.224924564361572 0.0 1.0160200595855713 21.4876819729805 100142.60181740092 4029203978
3203395597 520533.0 -999.0 -999.0 -999.0 8.14028549194336 -5.746084213256836 -7.182605266571045 -0.10000000149011612 1.016010046005249 21.48847067117691 100145.27353760821 3320594545
3203395597 520633.0 -999.0 -999.0 -999.0 9.097966194152832 -5.746084213256836 -4.788403511047363 0.0 1.0160000324249268 21.48827349662781 100145.53900570245 4249843805
3203395597 520733.0 -999.0 -999.0 -999.0 8.619126319885254 -6.703764915466309 -6.224924564361572 -0.10000000149011612 1.0159800052642822 21.488602120876312 100138.92574996236 789018107
