3203395597 4894333.0 40.536075592041016 -74.44542694091797 29.299999237060547 8.14028549194336 2.873042106628418 -10.055646896362305 -0.20000000298023224 1.008020043373108 25.571758408546447 99098.66609074455 570571650
3203395597 4894433.0 -999.0 -999.0 -999.0 9.576807022094727 1.9153614044189453 -9.576807022094727 0.0 1.0119999647140503 25.57129833459854 99097.93364721583 4138043230
3203395597 4894533.0 40.536075592041016 -74.44542694091797 29.299999237060547 9.576807022094727 0.47884035110473633 -7.661445617675781 -0.30000001192092896 1.0119999647140503 25.568735065460206 99096.1739247966 2429949612
3203395597 4894633.0 -999.0 -999.0 -999.0 9.097966194152832 1.9153614044189453 -8.619126319885254 -0.10000000149011612 1.0079799890518188 25.570969710350038 99094.17001265573 2364890897
3203395597 4894733.0 40.536075592041016 -74.44542694091797 29.299999237060547 9.097966194152832 1.9153614044189453 -6.703764915466309 -0.20000000298023224 1.0119999647140503 25.56991811275482 99101.54447344449 2566799433
3203395597 4894833.0 -999.0 -999.0 -999.0 8.619126319885254 1.436521053314209 -8.619126319885254 0.10000000149011612 1.0120099782943726 25.56991811275482 99095.73632426112 3395807860
3203395597 4894933.0 40.536075592041016 -74.44542694091797 29.299999237060547 8.14028549194336 1.9153614044189453 -7.661445617675781 -0.10000000149011612 1.008020043373108 25.570246737003327 99098.63657743533 13821024
3203395597 4895033.0 -999.0 -999.0 -999.0 9.097966194152832 1.436521053314209 -9.097966194152832 -0.10000000149011612 1.0079900026321411 25.568274991512297 99093.87172290403 3341667437
3203395597 4895133.0 40.536075592041016 -74.44542694091797 29.299999237060547 8.14028549194336 2.3942017555236816 -8.14028549194336 -0.20000000298023224 1.008020043373108 25.56781491756439 99098.31950542348 1653265205
3203395597 4895233.0 -999.0 -999.0 -999.0 9.097966194152832 0.47884035110473633 -9.097966194152832 0.0 1.011989951133728 25.570181012153625 99098.62164401833 632440203
3203395597 4895333.0 40.53607177734375 -74.44542694091797 29.299999237060547 8.14028549194336 2.3942017555236816 -10.5344877243042 -0.10000000149011612 1.0079900026321411 25.568932240009307 99096.53267745627 1560833931
3203395597 4895433.0 -999.0 -999.0 -999.0 7.661445617675781 1.436521053314209 -9.097966194152832 -0.10000000149011612 1.0120099782943726 25.567880642414092 99097.9419981224 3088061938
3203395597 4895533.0 40.53607177734375 -74.44542694091797 29.299999237060547 8.619126319885254 1.9153614044189453 -9.097966194152832 -0.20000000298023224 1.0119999647140503 25.568932240009307 99102.02686070549 1317251787
3203395597 4895633.0 -999.0 -999.0 -999.0 9.576807022094727 2.3942017555236816 -10.055646896362305 0.0 1.011989951133728 25.570312461853028 99099.4363965585 1745391031
3203395597 4895733.0 40.53607177734375 -74.44542694091797 29.299999237060547 7.661445617675781 0.47884035110473633 -8.619126319885254 -0.20000000298023224 1.0080000162124634 25.566697595119475 99096.10343810491 2658357631
3203395597 4895833.0 -999.0 -999.0 -999.0 8.619126319885254 1.9153614044189453 -8.619126319885254 0.0 1.0119699239730835 25.568340716362 99100.32269055021 2436304916
3203395597 4895933.0 40.53607177734375 -74.44542694091797 29.299999237060547 9.576807022094727 3.3518824577331543 -9.097966194152832 0.0 1.0119999647140503 25.568603615760804 99103.05102680661 242267743
3203395597 4896033.0 -999.0 -999.0 -999.0 9.097966194152832 2.3942017555236816 -10.055646896362305 -0.10000000149011612 1.008020043373108 25.56781491756439 99099.3398512314 982740713
3203395597 4896133.0 40.53607177734375 -74.44542694091797 29.299999237060547 8.14028549194336 0.9576807022094727 -7.661445617675781 -0.10000000149011612 1.011989951133728 25.567026219367982 99097.59088799104 1141541370
3203395597 4896233.0 -999.0 -999.0 -999.0 7.661445617675781 1.436521053314209 -9.576807022094727 0.0 1.011989951133728 25.565908896923066 99098.04341096187 1688802295
3203395597 4896333.0 40.53607177734375 -74.44542694091797 29.299999237060547 7.182605266571045 3.3518824577331543 -9.097966194152832 -0.10000000149011612 1.0080000162124634 25.56689476966858 99098.4243890288 4200660905
3203395597 4896433.0 -999.0 -999.0 -999.0 10.5344877243042 1.436521053314209 -10.055646896362305 -0.10000000149011612 1.0079900026321411 25.564397225379945 99092.36278776414 1687136075
3203395597 4896533.0 40.53607177734375 -74.44542694091797 29.299999237060547 8.619126319885254 3.8307228088378906 -8.14028549194336 -0.10000000149011612 1.0079699754714966 25.565185923576355 99094.58265998794 1400204334
3203395597 4896633.0 -999.0 -999.0 -999.0 7.661445617675781 1.436521053314209 -9.097966194152832 -0.20000000298023224 1.0119999647140503 25.564002876281737 99096.59000297691 3990358873
3203395597 4896733.0 40.53607177734375 -74.44542694091797 29.299999237060547 8.619126319885254 0.47884035110473633 -9.097966194152832 -0.20000000298023224 1.0120099782943726 25.566566145420076 99098.19274569972 601255435
3203395597 4896833.0 -999.0 -999.0 -999.0 8.619126319885254 3.3518824577331543 -9.576807022094727 -0.10000000149011612 1.0119999647140503 25.564331500530244 99094.46701856653 3640414105
3203395597 4896933.0 40.53607177734375 -74.44542694091797 29.299999237060547 8.619126319885254 2.873042106628418 -7.182605266571045 0.10000000149011612 1.0119999647140503 25.562556929588318 99098.85154841008 927480863
3203395597 4897033.0 -999.0 -999.0 -999.0 10.055646896362305 0.9576807022094727 -9.576807022094727 -0.20000000298023224 1.0119799375534058 25.567683467864992 99105.74600957552 1307917086
3203395597 4897133.0 40.53607177734375 -74.44542694091797 29.299999237060547 9.097966194152832 2.3942017555236816 -8.14028549194336 0.0 1.0119599103927612 25.566763319969176 99098.31603407842 1019925500
3203395597 4897233.0 -999.0 -999.0 -999.0 9.576807022094727 2.3942017555236816 -9.576807022094727 -0.20000000298023224 1.008020043373108 25.56544882297516 99098.33131529659 2357994905
3203395597 4897333.0 40.53607177734375 -74.44542694091797 29.299999237060547 9.097966194152832 2.3942017555236816 -9.576807022094727 -0.10000000149011612 1.0080000162124634 25.56413432598114 99096.38440711985 3024605053
3203395597 4897433.0 -999.0 -999.0 -999.0 8.14028549194336 2.873042106628418 -7.661445617675781 0.10000000149011612 1.0119699239730835 25.563739976882935 99099.04186759153 2493492743
3203395597 4897533.0 40.53607177734375 -74.44542694091797 29.299999237060547 7.182605266571045 1.436521053314209 -8.14028549194336 0.0 1.0080100297927856 25.565054473876952 99093.61094204907 4162837046
3203395597 4897633.0 -999.0 -999.0 -999.0 8.619126319885254 2.3942017555236816 -9.576807022094727 0.10000000149011612 1.0119799375534058 25.566106071472166 99097.38182078896 2776425640
3203395597 4897733.0 40.53607177734375 -74.44542694091797 29.299999237060547 8.14028549194336 0.0 -8.14028549194336 -0.30000001192092896 1.0120099782943726 25.564528675079345 99098.0437582974 377811400
3203395597 4897833.0 -999.0 -999.0 -999.0 9.576807022094727 1.9153614044189453 -8.619126319885254 0.10000000149011612 1.0079799890518188 25.56413432598114 99095.52104458562 1826827022
3203395597 4897933.0 40.53607177734375 -74.44542694091797 29.299999237060547 8.619126319885254 1.436521053314209 -8.619126319885254 0.30000001192092896 1.011989951133728 25.564002876281737 99093.99991612366 3453064116
3203395597 4898033.0 -999.0 -999.0 -999.0 7.661445617675781 1.9153614044189453 -8.619126319885254 0.0 1.011989951133728 25.565974621772767 99097.58741750909 1321439487
3203395597 4898133.0 40.53607177734375 -74.44542694091797 29.299999237060547 8.619126319885254 1.9153614044189453 -8.14028549194336 0.0 1.0120099782943726 25.564660124778747 99091.40217984878 1770188501
3203395597 4898233.0 -999.0 -999.0 -999.0 9.576807022094727 2.873042106628418 -10.055646896362305 -0.30000001192092896 1.011989951133728 25.563017003536224 99092.0492010316 2817219841
3203395597 4898333.0 40.53607177734375 -74.44542694091797 29.299999237060547 7.182605266571045 2.873042106628418 -9.097966194152832 0.0 1.0080000162124634 25.56472584962845 99095.7339306954 3819667291
3203395597 4898433.0 -999.0 -999.0 -999.0 8.619126319885254 1.436521053314209 -8.619126319885254 -0.10000000149011612 1.0119999647140503 25.566500420570375 99094.6458561884 3897309111
3203395597 4898533.0 40.53607177734375 -74.44542694091797 29.299999237060547 9.576807022094727 1.9153614044189453 -10.5344877243042 0.0 1.0079799890518188 25.565120198726653 99094.0183132769 3959517528
3203395597 4898633.0 -999.0 -999.0 -999.0 9.097966194152832 1.9153614044189453 -9.576807022094727 -0.20000000298023224 1.0120099782943726 25.564594399929046 99091.62271004269 4238656842
3203395597 4898733.0 40.53607177734375 -74.44542694091797 29.299999237060547 7.661445617675781 2.873042106628418 -9.097966194152832 0.10000000149011612 1.0120199918746948 25.56564599752426 99093.58836226529 1881284521
3203395597 4898833.0 -999.0 -999.0 -999.0 7.661445617675781 -0.47884035110473633 -9.097966194152832 0.20000000298023224 1.0080100297927856 25.564660124778747 99096.81782383239 2892169447
3203395597 4898933.0 40.53607177734375 -74.44542694091797 29.299999237060547 7.661445617675781 1.9153614044189453 -9.576807022094727 -0.30000001192092896 1.0119799375534058 25.566566145420076 99096.46601138709 2951784024
3203395597 4899033.0 -999.0 -999.0 -999.0 8.619126319885254 1.9153614044189453 -9.576807022094727 0.0 1.0119999647140503 25.567223393917082 99098.4990565113 2397945269
3203395597 4899133.0 40.53607177734375 -74.44542694091797 29.299999237060547 6.703764915466309 0.9576807022094727 -8.14028549194336 0.0 1.011989951133728 25.56761774301529 99093.32995445502 72616797
3203395597 4899233.0 -999.0 -999.0 -999.0 8.619126319885254 1.9153614044189453 -7.661445617675781 -0.10000000149011612 1.011989951133728 25.568735065460206 99096.33090139274 2462648448
3203395597 4899333.0 40.53607177734375 -74.44541931152344 29.299999237060547 8.619126319885254 1.9153614044189453 -8.14028549194336 -0.20000000298023224 1.0080000162124634 25.566763319969176 99094.78407599678 2854592431
3203395597 4899433.0 -999.0 -999.0 -999.0 7.182605266571045 1.436521053314209 -10.055646896362305 -0.20000000298023224 1.016010046005249 25.569655213356018 99095.83356914253 1511768217
3203395597 4899533.0 40.53607177734375 -74.44541931152344 29.299999237060547 10.055646896362305 1.9153614044189453 -7.661445617675781 -0.4000000059604645 1.0120099782943726 25.569392313957213 99093.73313831672 3144868068
3203395597 4899633.0 -999.0 -999.0 -999.0 9.576807022094727 1.436521053314209 -10.055646896362305 -0.4000000059604645 1.011989951133728 25.570246737003327 99096.67436345384 1286232036
3203395597 4899733.0 40.53607177734375 -74.44541931152344 29.299999237060547 7.182605266571045 1.9153614044189453 -9.097966194152832 -0.20000000298023224 1.0120099782943726 25.569458038806914 99093.04167524548 1956437203
3203395597 4899833.0 -999.0 -999.0 -999.0 7.182605266571045 1.9153614044189453 -9.576807022094727 -0.30000001192092896 1.0080100297927856 25.56761774301529 99093.40844256003 3462373154
3203395597 4899933.0 40.53607177734375 -74.44541931152344 29.299999237060547 7.661445617675781 0.9576807022094727 -8.619126319885254 0.10000000149011612 1.0080000162124634 25.566631870269774 99095.14664972186 3687397029
3203395597 4900033.0 -999.0 -999.0 -999.0 9.097966194152832 2.873042106628418 -7.661445617675781 -0.30000001192092896 1.0079900026321411 25.568669340610505 99093.2549250781 2287208261
3203395597 4900133.0 40.53607177734375 -74.44541931152344 29.299999237060547 7.182605266571045 1.436521053314209 -9.097966194152832 -0.10000000149011612 1.0120099782943726 25.568077816963196 99099.47807381072 984610556
3203395597 4900233.0 -999.0 -999.0 -999.0 8.14028549194336 2.3942017555236816 -8.619126319885254 0.0 1.0079799890518188 25.568669340610505 99094.11829623187 4043885226
3203395597 4900333.0 40.53607940673828 -74.4454116821289 29.100000381469727 9.097966194152832 2.3942017555236816 -9.576807022094727 -0.10000000149011612 1.0119999647140503 25.56761774301529 99092.85902582502 1315990045
