3203395597 85133.0 -999.0 -999.0 -999.0 8.619126319885254 2.873042106628418 -5.2672438621521 0.0 1.0199899673461914 21.605198004245757 100146.24299889701 2033944111
3203395597 85233.0 -999.0 -999.0 -999.0 9.097966194152832 2.873042106628418 -6.224924564361572 -0.20000000298023224 1.016010046005249 21.607301199436186 100144.08463969882 2230837237
3203395597 85333.0 -999.0 -999.0 -999.0 9.097966194152832 2.3942017555236816 -7.182605266571045 0.0 1.0160000324249268 21.60664395093918 100147.74484658509 1338125285
3203395597 85433.0 -999.0 -999.0 -999.0 9.097966194152832 1.9153614044189453 -5.746084213256836 0.0 1.0160000324249268 21.60526372909546 100147.1918582604 3004360552
3203395597 85533.0 -999.0 -999.0 -999.0 8.619126319885254 0.9576807022094727 -6.224924564361572 0.0 1.0160000324249268 21.600531539916993 100149.67508652818 3188575963
3203395597 85633.0 -999.0 -999.0 -999.0 9.576807022094727 1.436521053314209 -6.703764915466309 0.10000000149011612 1.0159900188446045 21.606709675788878 100149.16053138423 3626545251
3203395597 85733.0 -999.0 -999.0 -999.0 8.619126319885254 1.436521053314209 -5.746084213256836 0.0 1.0160000324249268 21.602831909656526 100145.3061419254 1798856780
3203395597 85833.0 -999.0 -999.0 -999.0 9.097966194152832 2.873042106628418 -6.224924564361572 0.10000000149011612 1.0159900188446045 21.602700459957124 100145.74252449616 3901271738
3203395597 85933.0 -999.0 -999.0 -999.0 8.619126319885254 2.873042106628418 -5.746084213256836 -0.20000000298023224 1.0159900188446045 21.60690685033798 100142.74847512995 703441702
3203395597 86033.0 -999.0 -999.0 -999.0 9.576807022094727 2.873042106628418 -6.703764915466309 -0.10000000149011612 1.0159800052642822 21.601451687812805 100146.93163882219 2517933234
3203395597 86133.0 -999.0 -999.0 -999.0 8.619126319885254 2.873042106628418 -5.2672438621521 0.0 1.0119799375534058 21.60539517879486 100148.31154296387 2956631845
3203395597 86233.0 -999.0 -999.0 -999.0 8.619126319885254 2.3942017555236816 -6.703764915466309 0.20000000298023224 1.01596999168396 21.6012545132637 100149.8424898686 3172184286
3203395597 86333.0 -999.0 -999.0 -999.0 8.619126319885254 2.3942017555236816 -6.703764915466309 -0.10000000149011612 1.016010046005249 21.603094809055328 100143.8887543598 2689390063
3203395597 86433.0 -999.0 -999.0 -999.0 8.14028549194336 1.9153614044189453 -4.309563159942627 0.30000001192092896 1.0159900188446045 21.607366924285888 100150.86878989579 794733511
3203395597 86533.0 -999.0 -999.0 -999.0 8.619126319885254 1.436521053314209 -6.703764915466309 0.0 1.0160000324249268 21.602174661159516 100148.03267254721 3766634743
3203395597 86633.0 -999.0 -999.0 -999.0 9.097966194152832 2.3942017555236816 -6.224924564361572 0.0 1.0159800052642822 21.601320238113402 100149.00187777416 3105245704
3203395597 86733.0 -999.0 -999.0 -999.0 10.5344877243042 1.436521053314209 -6.703764915466309 0.20000000298023224 1.016010046005249 21.60322625875473 100143.99699257768 1456684216
3203395597 86833.0 -999.0 -999.0 -999.0 7.661445617675781 1.436521053314209 -6.703764915466309 -0.10000000149011612 1.0160000324249268 21.60171458721161 100145.825468316 3924528514
3203395597 86933.0 -999.0 -999.0 -999.0 7.182605266571045 1.436521053314209 -5.2672438621521 0.30000001192092896 1.016010046005249 21.599414217472077 100140.54689289955 4107151358
3203395597 87033.0 -999.0 -999.0 -999.0 7.661445617675781 1.436521053314209 -5.2672438621521 -0.10000000149011612 1.0119699239730835 21.60191176176071 100146.96036231765 2494345931
3203395597 87133.0 -999.0 -999.0 -999.0 9.097966194152832 0.47884035110473633 -7.182605266571045 0.10000000149011612 1.020009994506836 21.60473793029785 100141.54607524807 2250133670
3203395597 87233.0 -999.0 -999.0 -999.0 10.055646896362305 2.873042106628418 -5.746084213256836 -0.10000000149011612 1.020009994506836 21.598625519275664 100145.81044861596 2116325904
3203395597 87333.0 -999.0 -999.0 -999.0 8.619126319885254 1.436521053314209 -7.182605266571045 -0.10000000149011612 1.0159800052642822 21.60033436536789 100151.02987804537 2960402670
3203395597 87433.0 -999.0 -999.0 -999.0 10.055646896362305 1.9153614044189453 -5.2672438621521 0.10000000149011612 1.011989951133728 21.602897634506224 100145.39916274798 2396925632
3203395597 87533.0 -999.0 -999.0 -999.0 8.619126319885254 1.9153614044189453 -5.2672438621521 0.20000000298023224 1.0160000324249268 21.59849406957626 100149.28111576947 4105340098
3203395597 87633.0 -999.0 -999.0 -999.0 8.619126319885254 3.3518824577331543 -4.788403511047363 -0.20000000298023224 1.0160000324249268 21.59888841867447 100145.94912291903 4101540100
3203395597 87733.0 -999.0 -999.0 -999.0 8.619126319885254 1.9153614044189453 -7.182605266571045 0.0 1.0199899673461914 21.600860164165496 100144.84960882412 1342322381
3203395597 87833.0 -999.0 -999.0 -999.0 7.661445617675781 3.8307228088378906 -6.224924564361572 0.20000000298023224 1.0160000324249268 21.601385962963104 100149.0948989261 729667518
3203395597 87933.0 -999.0 -999.0 -999.0 9.576807022094727 1.9153614044189453 -5.746084213256836 -0.10000000149011612 1.0159800052642822 21.601451687812805 100146.15361079513 3142427457
3203395597 88033.0 -999.0 -999.0 -999.0 8.14028549194336 1.436521053314209 -5.2672438621521 -0.20000000298023224 1.0160000324249268 21.603489158153533 100148.4926426613 777389317
3203395597 88133.0 -999.0 -999.0 -999.0 8.619126319885254 2.873042106628418 -5.746084213256836 -0.30000001192092896 1.0159900188446045 21.601780312061308 100143.66220613389 245525413
3203395597 88233.0 -999.0 -999.0 -999.0 10.055646896362305 3.8307228088378906 -5.746084213256836 -0.10000000149011612 1.0160000324249268 21.601517412662506 100142.2786880323 4059401457
3203395597 88333.0 -999.0 -999.0 -999.0 10.5344877243042 1.9153614044189453 -6.224924564361572 0.10000000149011612 1.0160000324249268 21.598559794425963 100149.60754347843 2404129792
3203395597 88433.0 -999.0 -999.0 -999.0 9.576807022094727 0.9576807022094727 -5.2672438621521 0.10000000149011612 1.01596999168396 21.59915131807327 100144.3761443978 2283490935
3203395597 88533.0 -999.0 -999.0 -999.0 9.576807022094727 2.3942017555236816 -6.224924564361572 -0.10000000149011612 1.0160200595855713 21.59829689502716 100144.6451270805 2752223216
3203395597 88633.0 -999.0 -999.0 -999.0 8.14028549194336 1.436521053314209 -5.2672438621521 0.10000000149011612 1.0159900188446045 21.598756968975067 100147.31912899241 1101837135
3203395597 88733.0 -999.0 -999.0 -999.0 8.619126319885254 1.9153614044189453 -5.2672438621521 -0.10000000149011612 1.0159800052642822 21.60342343330383 100153.53462876938 4035785278
3203395597 88833.0 -999.0 -999.0 -999.0 8.619126319885254 2.3942017555236816 -7.182605266571045 0.0 1.0159900188446045 21.598559794425963 100142.76094081212 1641641240
3203395597 88933.0 -999.0 -999.0 -999.0 9.576807022094727 1.9153614044189453 -5.746084213256836 0.20000000298023224 1.01596999168396 21.598362619876863 100144.81594944521 3982265474
3203395597 89033.0 -999.0 -999.0 -999.0 8.14028549194336 2.873042106628418 -6.703764915466309 -0.10000000149011612 1.0199899673461914 21.597836821079255 100147.65068941694 1972885397
3203395597 89133.0 -999.0 -999.0 -999.0 10.055646896362305 2.873042106628418 -5.746084213256836 0.0 1.0160000324249268 21.597245297431947 100144.3238397754 3746529371
3203395597 89233.0 -999.0 -999.0 -999.0 7.661445617675781 0.9576807022094727 -5.746084213256836 -0.10000000149011612 1.0120199918746948 21.596193699836732 100141.43509032528 3545417532
3203395597 89333.0 -999.0 -999.0 -999.0 8.14028549194336 1.9153614044189453 -5.746084213256836 0.20000000298023224 1.0159900188446045 21.59908559322357 100146.30598648606 2971682893
3203395597 89433.0 -999.0 -999.0 -999.0 9.097966194152832 2.873042106628418 -6.224924564361572 0.10000000149011612 1.0119999647140503 21.599611392021178 100142.30419913618 730893364
3203395597 89533.0 -999.0 -999.0 -999.0 9.097966194152832 2.3942017555236816 -5.2672438621521 0.0 1.0160000324249268 21.59606225013733 100145.29474904071 4073130212
3203395597 89633.0 -999.0 -999.0 -999.0 7.182605266571045 2.3942017555236816 -4.309563159942627 0.0 1.0159900188446045 21.595142102241518 100147.26014503013 354261387
3203395597 89733.0 -999.0 -999.0 -999.0 8.619126319885254 1.9153614044189453 -6.224924564361572 0.10000000149011612 1.0160000324249268 21.599414217472077 100147.47131100827 3057199362
3203395597 89833.0 -999.0 -999.0 -999.0 8.619126319885254 2.873042106628418 -4.309563159942627 0.0 1.0199999809265137 21.593696155548095 100144.98030553054 590055833
3203395597 89933.0 -999.0 -999.0 -999.0 8.619126319885254 2.873042106628418 -5.746084213256836 0.0 1.020009994506836 21.595799350738524 100145.70068800836 705548346
3203395597 90033.0 -999.0 -999.0 -999.0 8.14028549194336 0.9576807022094727 -6.224924564361572 -0.10000000149011612 1.016010046005249 21.6011230635643 100146.85554855244 4179867314
3203395597 90133.0 -999.0 -999.0 -999.0 10.5344877243042 0.9576807022094727 -5.746084213256836 -0.10000000149011612 1.0159599781036377 21.60040009021759 100143.18703201372 2235442122
3203395597 90233.0 -999.0 -999.0 -999.0 10.5344877243042 1.9153614044189453 -5.2672438621521 0.0 1.011989951133728 21.59816544532776 100143.29205343375 3529599964
3203395597 90333.0 -999.0 -999.0 -999.0 8.619126319885254 0.9576807022094727 -3.8307228088378906 -0.20000000298023224 1.0159900188446045 21.598756968975067 100148.33055937465 2135778033
3203395597 90433.0 -999.0 -999.0 -999.0 7.182605266571045 0.9576807022094727 -6.703764915466309 0.10000000149011612 1.0119999647140503 21.599874291419983 100143.06529167041 1861592370
3203395597 90533.0 -999.0 -999.0 -999.0 9.576807022094727 3.3518824577331543 -6.224924564361572 -0.10000000149011612 1.0159800052642822 21.59455057859421 100144.47792544408 3741402453
3203395597 90633.0 -999.0 -999.0 -999.0 8.619126319885254 1.436521053314209 -4.788403511047363 -0.10000000149011612 1.0159800052642822 21.597771096229554 100142.26712163017 3873423250
3203395597 90733.0 -999.0 -999.0 -999.0 9.097966194152832 2.873042106628418 -5.746084213256836 -0.10000000149011612 1.016010046005249 21.594484853744508 100142.82887393754 1423077542
3203395597 90833.0 -999.0 -999.0 -999.0 8.14028549194336 3.8307228088378906 -6.703764915466309 -0.10000000149011612 1.0160000324249268 21.593498980998994 100144.07883572241 1027378982
3203395597 90933.0 -999.0 -999.0 -999.0 9.097966194152832 2.873042106628418 -6.224924564361572 -0.10000000149011612 1.016010046005249 21.597836821079255 100143.83838268978 2025939911
3203395597 91033.0 -999.0 -999.0 -999.0 8.619126319885254 2.3942017555236816 -5.2672438621521 -0.10000000149011612 1.0159800052642822 21.59257883310318 100143.78798376434 1947782509
3203395597 91133.0 -999.0 -999.0 -999.0 8.14028549194336 2.3942017555236816 -6.224924564361572 0.20000000298023224 1.0159800052642822 21.598099720478057 100147.24474920006 4125890126
3203395597 91233.0 -999.0 -999.0 -999.0 9.097966194152832 2.3942017555236816 -5.746084213256836 -0.10000000149011612 1.0159900188446045 21.59336753129959 100142.25896757477 367015257
3203395597 91333.0 -999.0 -999.0 -999.0 8.619126319885254 2.873042106628418 -6.224924564361572 -0.30000001192092896 1.0159900188446045 21.59671949863434 100149.49263223485 2465405645
3203395597 91433.0 -999.0 -999.0 -999.0 8.619126319885254 1.436521053314209 -5.746084213256836 0.10000000149011612 1.0160000324249268 21.597179572582245 100146.17587150892 560341514
3203395597 91533.0 -999.0 -999.0 -999.0 9.576807022094727 2.3942017555236816 -4.788403511047363 0.0 1.016010046005249 21.59185585975647 100142.6869731837 1637790812
3203395597 91633.0 -999.0 -999.0 -999.0 9.097966194152832 2.3942017555236816 -7.182605266571045 0.10000000149011612 1.016010046005249 21.59540500164032 100148.0990358699 3030784692
3203395597 91733.0 -999.0 -999.0 -999.0 8.14028549194336 2.873042106628418 -5.2672438621521 0.0 1.011989951133728 21.59547072649002 100142.279121603 4147114575
3203395597 91833.0 -999.0 -999.0 -999.0 8.619126319885254 2.3942017555236816 -4.788403511047363 0.10000000149011612 1.0160000324249268 21.59198730945587 100145.82945539648 3191192129
3203395597 91933.0 -999.0 -999.0 -999.0 9.097966194152832 1.9153614044189453 -3.8307228088378906 -0.20000000298023224 1.016010046005249 21.592907457351686 100146.97612629418 740965071
3203395597 92033.0 -999.0 -999.0 -999.0 8.619126319885254 3.3518824577331543 -4.788403511047363 -0.10000000149011612 1.0160000324249268 21.59547072649002 100145.0799852969 232874934
3203395597 92133.0 -999.0 -999.0 -999.0 9.576807022094727 2.3942017555236816 -4.788403511047363 0.0 1.0159800052642822 21.59612797498703 100145.07656138937 3060821268
3203395597 92233.0 -999.0 -999.0 -999.0 8.619126319885254 3.8307228088378906 -7.661445617675781 -0.20000000298023224 1.0160200595855713 21.593827605247498 100144.154925254 303465578
3203395597 92333.0 -999.0 -999.0 -999.0 9.576807022094727 2.873042106628418 -6.703764915466309 0.0 1.0159900188446045 21.592973182201387 100142.5566683927 2941533934
3203395597 92433.0 -999.0 -999.0 -999.0 8.619126319885254 0.9576807022094727 -4.309563159942627 0.0 1.0159900188446045 21.595273551940917 100140.98864110876 876810624
3203395597 92533.0 -999.0 -999.0 -999.0 8.619126319885254 3.3518824577331543 -6.224924564361572 0.0 1.0160000324249268 21.58968693971634 100147.00843488157 3387963404
3203395597 92633.0 -999.0 -999.0 -999.0 10.055646896362305 1.436521053314209 -5.2672438621521 0.10000000149011612 1.016010046005249 21.59047563791275 100142.91200659462 1276379798
3203395597 92733.0 -999.0 -999.0 -999.0 8.619126319885254 1.436521053314209 -5.746084213256836 -0.10000000149011612 1.016010046005249 21.593827605247498 100144.77733713691 700134665
3203395597 92833.0 -999.0 -999.0 -999.0 8.14028549194336 1.9153614044189453 -5.746084213256836 -0.20000000298023224 1.0160000324249268 21.592973182201387 100143.49028444546 2653787462
3203395597 92933.0 -999.0 -999.0 -999.0 9.097966194152832 2.873042106628418 -5.746084213256836 0.10000000149011612 1.0159900188446045 21.593761880397796 100140.17183217325 2662074986
3203395597 93033.0 -999.0 -999.0 -999.0 8.619126319885254 1.436521053314209 -6.224924564361572 -0.20000000298023224 1.0159900188446045 21.593630430698393 100148.69955716151 2520680116
3203395597 93133.0 -999.0 -999.0 -999.0 8.619126319885254 2.873042106628418 -6.224924564361572 0.10000000149011612 1.0199799537658691 21.59257883310318 100140.98713805899 784706404
3203395597 93233.0 -999.0 -999.0 -999.0 9.097966194152832 3.8307228088378906 -7.182605266571045 0.10000000149011612 1.0200200080871582 21.59330180644989 100142.24374992965 977676978
3203395597 93333.0 -999.0 -999.0 -999.0 8.619126319885254 0.9576807022094727 -5.2672438621521 -0.10000000149011612 1.0159900188446045 21.589292590618133 100142.01567989317 2400643632
3203395597 93433.0 -999.0 -999.0 -999.0 9.576807022094727 2.873042106628418 -6.703764915466309 -0.30000001192092896 1.0160000324249268 21.594221954345702 100143.07920938937 72170466
3203395597 93533.0 -999.0 -999.0 -999.0 8.619126319885254 1.436521053314209 -5.746084213256836 0.0 1.0160200595855713 21.592118759155273 100143.29245254913 3757048438
3203395597 93633.0 -999.0 -999.0 -999.0 8.619126319885254 3.8307228088378906 -7.182605266571045 0.0 1.0159800052642822 21.59172441005707 100145.84638366668 3056214015
3203395597 93733.0 -999.0 -999.0 -999.0 9.097966194152832 1.9153614044189453 -4.788403511047363 0.0 1.016010046005249 21.59119861125946 100140.35636672578 3275553453
3203395597 93833.0 -999.0 -999.0 -999.0 7.182605266571045 1.9153614044189453 -5.2672438621521 -0.30000001192092896 1.0159900188446045 21.591330060958864 100142.56523111422 1270136018
3203395597 93933.0 -999.0 -999.0 -999.0 7.661445617675781 2.3942017555236816 -5.746084213256836 -0.20000000298023224 1.0119799375534058 21.590147013664247 100146.33695562699 4288470302
3203395597 94033.0 -999.0 -999.0 -999.0 9.576807022094727 2.873042106628418 -5.746084213256836 0.0 1.0159800052642822 21.587978093624116 100144.1231396606 782062678
3203395597 94133.0 -999.0 -999.0 -999.0 8.619126319885254 1.436521053314209 -5.746084213256836 -0.10000000149011612 1.0159800052642822 21.58902969121933 100144.13322728159 1477826721
3203395597 94233.0 -999.0 -999.0 -999.0 8.619126319885254 1.9153614044189453 -5.746084213256836 -0.10000000149011612 1.0159800052642822 21.58771519422531 100140.17224580212 4167125421
3203395597 94333.0 -999.0 -999.0 -999.0 10.055646896362305 1.9153614044189453 -5.2672438621521 0.0 1.01596999168396 21.592315933704377 100141.00406933864 462769701
3203395597 94433.0 -999.0 -999.0 -999.0 9.576807022094727 2.3942017555236816 -5.2672438621521 0.20000000298023224 1.0160000324249268 21.58975266456604 100143.0558134997 1060805645
3203395597 94533.0 -999.0 -999.0 -999.0 8.14028549194336 1.436521053314209 -5.746084213256836 0.0 1.0160200595855713 21.587846643924713 100149.77213645287 301375738
3203395597 94633.0 -999.0 -999.0 -999.0 8.619126319885254 1.9153614044189453 -6.224924564361572 0.10000000149011612 1.0160000324249268 21.586334972381593 100144.5206890835 351003965
3203395597 94733.0 -999.0 -999.0 -999.0 9.576807022094727 1.436521053314209 -3.3518824577331543 -0.30000001192092896 1.0160000324249268 21.592973182201387 100147.38035133205 3133051494
3203395597 94833.0 -999.0 -999.0 -999.0 8.619126319885254 1.9153614044189453 -5.2672438621521 0.0 1.0120199918746948 21.589292590618133 100140.61526726128 678753095
3203395597 94933.0 -999.0 -999.0 -999.0 8.14028549194336 2.873042106628418 -6.224924564361572 0.20000000298023224 1.016010046005249 21.590607087612153 100148.69971100966 3658424354
3203395597 95033.0 -999.0 -999.0 -999.0 8.619126319885254 2.873042106628418 -5.2672438621521 0.10000000149011612 1.0160000324249268 21.59336753129959 100139.76932258692 361800052
3203395597 95133.0 -999.0 -999.0 -999.0 8.14028549194336 1.9153614044189453 -5.746084213256836 0.10000000149011612 1.0199799537658691 21.588503892421723 100144.71168784858 2994827070
3203395597 95233.0 -999.0 -999.0 -999.0 9.097966194152832 1.9153614044189453 -6.224924564361572 0.0 1.020009994506836 21.588109543323515 100141.58615944654 1667808324
3203395597 95333.0 -999.0 -999.0 -999.0 7.661445617675781 1.436521053314209 -6.224924564361572 0.0 1.01596999168396 21.589949839115143 100140.68964187507 963543321
