3203395597 2422433.0 -999.0 -999.0 -999.0 0.9576807022094727 -0.47884035110473633 -16.28057098388672 0.10000000149011612 1.0119799375534058 22.850486731529237 102123.3662087862 2151449571
3203395597 2422533.0 40.53606033325195 -74.4454345703125 41.0 -0.9576807022094727 0.0 -15.80173110961914 0.10000000149011612 1.0120099782943726 22.852524201869965 102120.88086092944 69882916
3203395597 2422633.0 -999.0 -999.0 -999.0 -0.47884035110473633 -0.47884035110473633 -15.322891235351562 0.0 1.0119999647140503 22.85206412792206 102125.99988420756 4116040991
3203395597 2422733.0 40.53606033325195 -74.4454345703125 41.0 -0.47884035110473633 -1.9153614044189453 -17.238252639770508 -0.20000000298023224 1.0119999647140503 22.85140687942505 102124.75298153481 3434271048
3203395597 2422833.0 -999.0 -999.0 -999.0 0.0 -0.9576807022094727 -17.238252639770508 0.0 1.0119999647140503 22.852392752170562 102121.70814293827 2461563566
3203395597 2422933.0 40.53606033325195 -74.4454345703125 41.0 -0.47884035110473633 -0.47884035110473633 -15.322891235351562 -0.10000000149011612 1.0119999647140503 22.851735503673552 102123.03586740536 1203352741
3203395597 2423033.0 -999.0 -999.0 -999.0 0.0 -0.47884035110473633 -16.75941276550293 -0.10000000149011612 1.011989951133728 22.851012530326845 102121.3834127782 3434097175
3203395597 2423133.0 40.53606033325195 -74.4454345703125 41.0 0.0 -0.47884035110473633 -15.80173110961914 -0.10000000149011612 1.0119799375534058 22.851866953372955 102126.57764314342 2321347698
3203395597 2423233.0 -999.0 -999.0 -999.0 -0.9576807022094727 -0.9576807022094727 -18.195932388305664 0.0 1.0119799375534058 22.851143980026244 102126.17348219774 239964175
3203395597 2423333.0 40.53605651855469 -74.44544219970703 41.0 -0.47884035110473633 -0.9576807022094727 -17.238252639770508 -0.20000000298023224 1.0120199918746948 22.851604053974153 102121.28852640814 4216711589
3203395597 2423433.0 -999.0 -999.0 -999.0 -0.47884035110473633 -0.47884035110473633 -16.28057098388672 -0.10000000149011612 1.0119799375534058 22.853444349765777 102122.11159465538 2921456413
3203395597 2423533.0 40.53605651855469 -74.44544219970703 41.0 -0.47884035110473633 -0.9576807022094727 -15.322891235351562 -0.20000000298023224 1.0120199918746948 22.85443022251129 102118.83267655532 317029220
3203395597 2423633.0 -999.0 -999.0 -999.0 0.9576807022094727 -1.436521053314209 -17.238252639770508 0.10000000149011612 1.0159900188446045 22.85633624315262 102122.47990413458 1892307916
3203395597 2423733.0 40.53605651855469 -74.44544219970703 41.0 -0.47884035110473633 -1.9153614044189453 -15.322891235351562 0.20000000298023224 1.0119999647140503 22.851078255176546 102117.57595873886 2142786781
3203395597 2423833.0 -999.0 -999.0 -999.0 -0.47884035110473633 -0.9576807022094727 -15.322891235351562 0.20000000298023224 1.0160000324249268 22.85719066619873 102124.39736239199 1509038266
3203395597 2423933.0 40.53605651855469 -74.44544219970703 41.0 -0.9576807022094727 -0.47884035110473633 -15.80173110961914 -0.10000000149011612 1.0119999647140503 22.857124941349028 102122.97754302085 4061186312
3203395597 2424033.0 -999.0 -999.0 -999.0 0.0 0.9576807022094727 -15.322891235351562 -0.10000000149011612 1.011989951133728 22.857387840747833 102120.93286154442 3020541875
3203395597 2424133.0 40.53605651855469 -74.44544219970703 41.0 -1.9153614044189453 -0.47884035110473633 -17.717092514038086 -0.10000000149011612 1.0119999647140503 22.859753935337068 102126.01470442151 3582016440
3203395597 2424233.0 -999.0 -999.0 -999.0 0.0 -0.47884035110473633 -15.80173110961914 -0.20000000298023224 1.0119599103927612 22.858439438343048 102121.80443040887 966002851
3203395597 2424333.0 40.53605651855469 -74.44544219970703 41.0 -0.47884035110473633 -0.9576807022094727 -15.322891235351562 -0.10000000149011612 1.0119999647140503 22.856862041950226 102124.398064273 1162611564
3203395597 2424433.0 -999.0 -999.0 -999.0 -0.47884035110473633 0.0 -17.717092514038086 -0.10000000149011612 1.011989951133728 22.860871257781984 102120.7381381839 813830652
3203395597 2424533.0 40.53605651855469 -74.44544219970703 41.0 -0.47884035110473633 0.47884035110473633 -16.75941276550293 -0.20000000298023224 1.011989951133728 22.86152850627899 102126.27618369047 3044071868
3203395597 2424633.0 -999.0 -999.0 -999.0 -0.47884035110473633 -0.9576807022094727 -15.322891235351562 0.0 1.0119799375534058 22.860279734134675 102115.76171265863 3666181507
3203395597 2424733.0 40.53605651855469 -74.44544219970703 41.0 -0.47884035110473633 -0.47884035110473633 -15.322891235351562 0.0 1.012030005455017 22.862514379024507 102123.54335255915 2950720732
3203395597 2424833.0 -999.0 -999.0 -999.0 -0.47884035110473633 -0.9576807022094727 -16.75941276550293 -0.10000000149011612 1.0119999647140503 22.863237352371215 102127.30240629247 3927451548
3203395597 2424933.0 40.53605651855469 -74.44544219970703 41.0 -0.47884035110473633 -0.9576807022094727 -17.238252639770508 -0.30000001192092896 1.0120099782943726 22.8622514796257 102125.90013974503 3508322666
3203395597 2425033.0 -999.0 -999.0 -999.0 -0.47884035110473633 -1.436521053314209 -15.80173110961914 0.10000000149011612 1.011989951133728 22.863303077220916 102125.60141172085 3857897771
3203395597 2425133.0 40.53605651855469 -74.44544219970703 41.0 -0.9576807022094727 -0.47884035110473633 -16.28057098388672 0.0 1.0119799375534058 22.863368802070617 102121.48177043302 95054342
3203395597 2425233.0 -999.0 -999.0 -999.0 -0.47884035110473633 -1.436521053314209 -15.322891235351562 -0.10000000149011612 1.0160000324249268 22.86428894996643 102122.4784615296 1844730776
3203395597 2425333.0 40.53605270385742 -74.44544219970703 40.900001525878906 -0.47884035110473633 -2.3942017555236816 -16.75941276550293 0.0 1.0119799375534058 22.86494619846344 102121.46277521277 3318631418
3203395597 2425433.0 -999.0 -999.0 -999.0 -0.47884035110473633 -0.9576807022094727 -16.75941276550293 -0.10000000149011612 1.0120099782943726 22.865143373012543 102124.63000993157 2360158228
3203395597 2425533.0 40.53605270385742 -74.44544219970703 40.900001525878906 -0.9576807022094727 -0.9576807022094727 -16.75941276550293 -0.10000000149011612 1.0119999647140503 22.864683299064637 102125.06791413412 2143479944
3203395597 2425633.0 -999.0 -999.0 -999.0 0.0 -0.9576807022094727 -17.717092514038086 -0.10000000149011612 1.01596999168396 22.863763151168822 102125.31955188978 36819473
3203395597 2425733.0 40.53605270385742 -74.44544219970703 40.900001525878906 -0.9576807022094727 -1.436521053314209 -16.75941276550293 0.10000000149011612 1.016010046005249 22.865143373012543 102120.4948888587 831358519
3203395597 2425833.0 -999.0 -999.0 -999.0 -0.47884035110473633 -0.47884035110473633 -17.238252639770508 -0.10000000149011612 1.0119799375534058 22.862974452972413 102125.91419793857 3890056365
3203395597 2425933.0 40.53605270385742 -74.44544219970703 40.900001525878906 -0.47884035110473633 -2.3942017555236816 -17.238252639770508 0.10000000149011612 1.0119799375534058 22.86126560688019 102121.22101805185 2287137289
3203395597 2426033.0 -999.0 -999.0 -999.0 -0.47884035110473633 -1.436521053314209 -16.28057098388672 -0.10000000149011612 1.016010046005249 22.865077648162842 102124.84861002484 2504916255
3203395597 2426133.0 40.53605270385742 -74.44544219970703 40.900001525878906 0.47884035110473633 -0.47884035110473633 -16.75941276550293 0.0 1.011989951133728 22.864617574214936 102124.19421904889 3306923460
3203395597 2426233.0 -999.0 -999.0 -999.0 0.47884035110473633 -1.436521053314209 -16.28057098388672 0.10000000149011612 1.0119999647140503 22.862317204475403 102123.2629007828 3122297279
3203395597 2426333.0 40.53605270385742 -74.44544219970703 40.900001525878906 -0.47884035110473633 -0.9576807022094727 -16.28057098388672 0.0 1.0119999647140503 22.861199882030487 102124.40439439396 3861928637
3203395597 2426433.0 -999.0 -999.0 -999.0 -0.47884035110473633 -0.9576807022094727 -17.238252639770508 0.0 1.0119999647140503 22.861857130527497 102123.70080228255 615063915
3203395597 2426533.0 40.53605270385742 -74.44544219970703 40.900001525878906 -0.47884035110473633 -0.9576807022094727 -17.238252639770508 -0.10000000149011612 1.011989951133728 22.859753935337068 102129.29155370739 1954269702
3203395597 2426633.0 -999.0 -999.0 -999.0 0.0 0.47884035110473633 -17.717092514038086 0.0 1.0120199918746948 22.856270518302917 102117.62722442573 715317873
3203395597 2426733.0 40.53605270385742 -74.44544219970703 40.900001525878906 -0.47884035110473633 -0.47884035110473633 -16.28057098388672 0.0 1.0160200595855713 22.857979364395142 102125.90926375502 2558835208
3203395597 2426833.0 -999.0 -999.0 -999.0 -0.47884035110473633 -1.436521053314209 -17.717092514038086 -0.20000000298023224 1.011989951133728 22.857387840747833 102124.05365403491 910385635
3203395597 2426933.0 40.53605270385742 -74.44544219970703 40.900001525878906 -0.47884035110473633 -2.3942017555236816 -16.75941276550293 -0.30000001192092896 1.0119999647140503 22.855547544956206 102123.62067571847 3785058848
3203395597 2427033.0 -999.0 -999.0 -999.0 -1.436521053314209 -0.9576807022094727 -16.75941276550293 0.10000000149011612 1.0120099782943726 22.8550874710083 102120.07957688865 2232009560
3203395597 2427133.0 40.53605270385742 -74.44544219970703 40.900001525878906 -1.436521053314209 -1.9153614044189453 -16.75941276550293 0.10000000149011612 1.011989951133728 22.85574471950531 102124.13518342248 1376079347
3203395597 2427233.0 -999.0 -999.0 -999.0 -0.47884035110473633 -0.9576807022094727 -17.238252639770508 0.0 1.011989951133728 22.85291855096817 102120.8176021456 1122289287
3203395597 2427333.0 40.53605270385742 -74.44544219970703 40.900001525878906 -0.9576807022094727 -0.9576807022094727 -15.322891235351562 0.0 1.011989951133728 22.853050000667572 102126.85599636321 2556542834
3203395597 2427433.0 -999.0 -999.0 -999.0 -0.9576807022094727 -1.436521053314209 -14.844050407409668 -0.10000000149011612 1.011989951133728 22.851866953372955 102125.25132255186 3843049970
3203395597 2427533.0 40.53605270385742 -74.44544219970703 40.900001525878906 -1.9153614044189453 0.0 -16.75941276550293 0.0 1.0120099782943726 22.849763758182526 102126.39486695454 1275913010
3203395597 2427633.0 -999.0 -999.0 -999.0 -0.47884035110473633 0.9576807022094727 -16.75941276550293 -0.10000000149011612 1.0119999647140503 22.850618181228636 102121.99280051544 2647980207
3203395597 2427733.0 40.53605270385742 -74.44544219970703 40.900001525878906 -0.47884035110473633 -0.47884035110473633 -16.75941276550293 -0.10000000149011612 1.011989951133728 22.848777885437013 102123.04217227374 1886639612
3203395597 2427833.0 -999.0 -999.0 -999.0 0.9576807022094727 -1.436521053314209 -15.322891235351562 0.10000000149011612 1.011989951133728 22.846214616298674 102119.86449948 2570567688
3203395597 2427933.0 40.53605270385742 -74.44544219970703 40.900001525878906 -0.47884035110473633 0.0 -15.322891235351562 -0.10000000149011612 1.0080000162124634 22.846806139945983 102122.96835242509 1543483504
3203395597 2428033.0 -999.0 -999.0 -999.0 -0.47884035110473633 -0.47884035110473633 -16.28057098388672 0.0 1.0119599103927612 22.845491642951966 102120.55259867839 1462369897
3203395597 2428133.0 40.53605270385742 -74.44544219970703 40.900001525878906 -0.47884035110473633 -0.47884035110473633 -17.717092514038086 0.0 1.0159900188446045 22.848514986038207 102123.44842731289 2705383560
3203395597 2428233.0 -999.0 -999.0 -999.0 0.9576807022094727 -0.9576807022094727 -16.75941276550293 0.0 1.011989951133728 22.844834394454956 102124.37686439004 2705777097
3203395597 2428333.0 40.536048889160156 -74.44544219970703 40.79999923706055 0.47884035110473633 -0.47884035110473633 -17.238252639770508 0.10000000149011612 1.0119799375534058 22.84496584415436 102123.00347438036 3520972965
3203395597 2428433.0 -999.0 -999.0 -999.0 -0.47884035110473633 -0.9576807022094727 -16.75941276550293 0.0 1.0119799375534058 22.84516301870346 102122.19167103228 2792679051
3203395597 2428533.0 40.536048889160156 -74.44544219970703 40.79999923706055 -0.47884035110473633 -0.9576807022094727 -17.717092514038086 0.0 1.0159800052642822 22.846280341148375 102125.80932263448 2283437888
3203395597 2428633.0 -999.0 -999.0 -999.0 -0.47884035110473633 -2.3942017555236816 -16.28057098388672 0.0 1.016010046005249 22.84437432050705 102124.11258134479 1774953239
3203395597 2428733.0 40.536048889160156 -74.44544219970703 40.79999923706055 -0.47884035110473633 -0.47884035110473633 -17.238252639770508 -0.10000000149011612 1.011989951133728 22.842731199264527 102119.59106637724 808217882
3203395597 2428833.0 -999.0 -999.0 -999.0 -1.436521053314209 -0.47884035110473633 -16.75941276550293 0.10000000149011612 1.0159900188446045 22.84457149505615 102127.35769474972 1888917114
3203395597 2428933.0 40.536048889160156 -74.44544219970703 40.79999923706055 -0.47884035110473633 -0.47884035110473633 -17.238252639770508 0.10000000149011612 1.0119999647140503 22.842599749565125 102123.0709162181 851763826
3203395597 2429033.0 -999.0 -999.0 -999.0 -0.9576807022094727 -0.47884035110473633 -15.322891235351562 0.0 1.011989951133728 22.842731199264527 102119.20097997831 488280450
3203395597 2429133.0 40.536048889160156 -74.44544219970703 40.79999923706055 -0.9576807022094727 -1.436521053314209 -16.75941276550293 0.0 1.0119999647140503 22.84430859565735 102127.37385457742 1587612527
3203395597 2429233.0 -999.0 -999.0 -999.0 -0.47884035110473633 -1.436521053314209 -16.75941276550293 -0.20000000298023224 1.0119999647140503 22.844900119304658 102122.67593997833 3928165516
3203395597 2429333.0 40.53605270385742 -74.4454345703125 40.79999923706055 -0.47884035110473633 -0.9576807022094727 -16.75941276550293 0.30000001192092896 1.0120199918746948 22.84299409866333 102123.55378609244 4285015818
3203395597 2429433.0 -999.0 -999.0 -999.0 -1.436521053314209 -0.47884035110473633 -17.238252639770508 0.0 1.0120099782943726 22.841088078022004 102116.86397240928 3453291640
3203395597 2429533.0 40.53605270385742 -74.4454345703125 40.79999923706055 0.0 -0.47884035110473633 -16.75941276550293 -0.20000000298023224 1.0120099782943726 22.841153802871705 102126.08544228546 2577447147
3203395597 2429633.0 -999.0 -999.0 -999.0 -0.47884035110473633 -0.9576807022094727 -15.80173110961914 0.0 1.0120099782943726 22.839707856178283 102121.68835491448 2270309253
3203395597 2429733.0 40.53605270385742 -74.4454345703125 40.79999923706055 -0.47884035110473633 -0.9576807022094727 -17.238252639770508 0.0 1.0120099782943726 22.841285252571105 102124.00991120306 3975386478
3203395597 2429833.0 -999.0 -999.0 -999.0 -0.47884035110473633 -0.47884035110473633 -16.75941276550293 -0.30000001192092896 1.0120199918746948 22.83721031188965 102118.29214382905 1594891095
3203395597 2429933.0 40.53605270385742 -74.4454345703125 40.79999923706055 -0.47884035110473633 -0.47884035110473633 -15.80173110961914 -0.10000000149011612 1.0080000162124634 22.836750237941743 102125.36139494763 1746231559
3203395597 2430033.0 -999.0 -999.0 -999.0 -0.47884035110473633 -0.47884035110473633 -16.75941276550293 0.10000000149011612 1.0120099782943726 22.836421613693236 102121.38326342689 3601550563
3203395597 2430133.0 40.53605270385742 -74.4454345703125 40.79999923706055 -0.47884035110473633 -1.9153614044189453 -15.322891235351562 0.10000000149011612 1.0120099782943726 22.836355888843535 102120.5876378041 1487706689
3203395597 2430233.0 -999.0 -999.0 -999.0 -0.9576807022094727 -1.436521053314209 -16.75941276550293 -0.10000000149011612 1.0119999647140503 22.83234667301178 102124.63734152279 801669768
3203395597 2430333.0 40.53605270385742 -74.4454345703125 40.79999923706055 -0.47884035110473633 -0.47884035110473633 -14.844050407409668 0.0 1.0079900026321411 22.835764365196226 102123.80315552867 3335383293
3203395597 2430433.0 -999.0 -999.0 -999.0 -0.47884035110473633 -1.9153614044189453 -16.75941276550293 0.0 1.0080100297927856 22.83254384756088 102120.8609744269 1058881836
3203395597 2430533.0 40.53605270385742 -74.4454345703125 40.79999923706055 -0.47884035110473633 -1.9153614044189453 -15.322891235351562 -0.20000000298023224 1.0120099782943726 22.831755149364472 102119.89525382523 3063400113
3203395597 2430633.0 -999.0 -999.0 -999.0 -1.436521053314209 -0.9576807022094727 -16.75941276550293 -0.10000000149011612 1.0119699239730835 22.833595445156096 102119.0019728521 2069395356
3203395597 2430733.0 40.53605270385742 -74.4454345703125 40.79999923706055 -0.47884035110473633 -0.9576807022094727 -17.238252639770508 -0.20000000298023224 1.0159900188446045 22.833398270606995 102124.8067571178 1231091883
3203395597 2430833.0 -999.0 -999.0 -999.0 -0.9576807022094727 -0.9576807022094727 -17.238252639770508 -0.10000000149011612 1.0159900188446045 22.833332545757294 102122.91891693563 905274214
3203395597 2430933.0 40.53605270385742 -74.4454345703125 40.79999923706055 0.0 -2.3942017555236816 -16.75941276550293 -0.10000000149011612 1.0160000324249268 22.833332545757294 102120.188368982 3635428167
3203395597 2431033.0 -999.0 -999.0 -999.0 -0.47884035110473633 -0.9576807022094727 -17.238252639770508 -0.20000000298023224 1.011989951133728 22.833595445156096 102124.38505623786 4029677323
3203395597 2431133.0 40.53605270385742 -74.4454345703125 40.79999923706055 -0.47884035110473633 -0.9576807022094727 -14.844050407409668 0.0 1.0119799375534058 22.835501465797424 102117.96811240423 1325582158
3203395597 2431233.0 -999.0 -999.0 -999.0 0.47884035110473633 -0.9576807022094727 -17.238252639770508 -0.10000000149011612 1.0119999647140503 22.83668451309204 102121.91321619943 4246723542
3203395597 2431333.0 40.53605651855469 -74.4454345703125 40.70000076293945 -0.47884035110473633 -0.47884035110473633 -17.717092514038086 0.20000000298023224 1.0119699239730835 22.836947412490844 102127.98232542688 273313240
3203395597 2431433.0 -999.0 -999.0 -999.0 -0.9576807022094727 -0.47884035110473633 -16.75941276550293 0.10000000149011612 1.0119999647140503 22.832412397861482 102122.00027908449 1895368839
3203395597 2431533.0 40.53605651855469 -74.4454345703125 40.70000076293945 0.9576807022094727 -0.47884035110473633 -15.80173110961914 0.0 1.0079900026321411 22.837078862190246 102123.64434201788 185951134
3203395597 2431633.0 -999.0 -999.0 -999.0 0.47884035110473633 -0.47884035110473633 -16.28057098388672 -0.20000000298023224 1.016010046005249 22.840562279224397 102123.9958403926 161681058
3203395597 2431733.0 40.53605651855469 -74.4454345703125 40.70000076293945 0.0 -0.9576807022094727 -17.717092514038086 0.10000000149011612 1.0120099782943726 22.83602726459503 102121.99262547592 3317968632
3203395597 2431833.0 -999.0 -999.0 -999.0 0.0 -0.9576807022094727 -17.717092514038086 -0.10000000149011612 1.011989951133728 22.83747321128845 102119.68027559534 1711436519
3203395597 2431933.0 40.53605651855469 -74.4454345703125 40.70000076293945 -0.47884035110473633 -0.47884035110473633 -16.75941276550293 -0.20000000298023224 1.0119999647140503 22.837604660987854 102123.612022408 3363388392
3203395597 2432033.0 -999.0 -999.0 -999.0 -0.47884035110473633 -0.47884035110473633 -17.717092514038086 -0.10000000149011612 1.0119999647140503 22.837538936138152 102125.00085317076 1771724148
3203395597 2432133.0 40.53605651855469 -74.4454345703125 40.70000076293945 -0.9576807022094727 -0.47884035110473633 -16.28057098388672 -0.10000000149011612 1.011989951133728 22.83793328523636 102119.47645468934 3129920650
3203395597 2432233.0 -999.0 -999.0 -999.0 -0.47884035110473633 -0.47884035110473633 -15.322891235351562 -0.30000001192092896 1.011989951133728 22.83668451309204 102125.11188183422 3284940566
3203395597 2432333.0 40.53606033325195 -74.4454345703125 40.70000076293945 -0.47884035110473633 -0.9576807022094727 -16.28057098388672 -0.20000000298023224 1.011989951133728 22.838196184635162 102122.19086960511 3028904288
3203395597 2432433.0 -999.0 -999.0 -999.0 -0.47884035110473633 -0.47884035110473633 -16.28057098388672 -0.10000000149011612 1.0119999647140503 22.836092989444733 102124.03650887124 1495612500
3203395597 2432533.0 40.53606033325195 -74.4454345703125 40.70000076293945 -0.47884035110473633 -0.9576807022094727 -16.75941276550293 -0.10000000149011612 1.011989951133728 22.835435740947723 102123.25773833634 960317361
3203395597 2432633.0 -999.0 -999.0 -999.0 -0.47884035110473633 -0.47884035110473633 -14.844050407409668 -0.4000000059604645 1.012049913406372 22.83504139184952 102127.61186266458 2015730698
3203395597 2432733.0 40.53606033325195 -74.4454345703125 40.70000076293945 1.436521053314209 -0.47884035110473633 -17.717092514038086 0.0 1.0160000324249268 22.838590533733367 102122.12761986093 2152671013
3203395597 2432833.0 -999.0 -999.0 -999.0 0.0 -0.47884035110473633 -17.238252639770508 -0.10000000149011612 1.011989951133728 22.83793328523636 102120.56868500006 2912589284
3203395597 2432933.0 40.53606033325195 -74.4454345703125 40.70000076293945 -0.9576807022094727 0.9576807022094727 -15.322891235351562 0.0 1.0120199918746948 22.836947412490844 102125.01770677092 1725585471
3203395597 2433033.0 -999.0 -999.0 -999.0 -0.47884035110473633 -0.47884035110473633 -17.238252639770508 0.0 1.0160200595855713 22.839707856178283 102126.29134360043 805024985
3203395597 2433133.0 40.53606033325195 -74.4454345703125 40.70000076293945 -0.47884035110473633 -0.9576807022094727 -16.75941276550293 0.0 1.0120099782943726 22.838327634334565 102122.61187999445 3164620621
3203395597 2433233.0 -999.0 -999.0 -999.0 1.436521053314209 -0.47884035110473633 -16.75941276550293 -0.10000000149011612 1.0120099782943726 22.839050607681273 102118.8811512994 546228580
3203395597 2433333.0 40.53606414794922 -74.44542694091797 40.5 1.436521053314209 -0.9576807022094727 -17.238252639770508 -0.10000000149011612 1.0119999647140503 22.838459084033968 102121.70660940342 4170680737
3203395597 2433433.0 -999.0 -999.0 -999.0 0.47884035110473633 -0.9576807022094727 -16.75941276550293 -0.10000000149011612 1.011989951133728 22.838524808883665 102127.18323192955 1660400069
3203395597 2433533.0 40.53606414794922 -74.44542694091797 40.5 -0.9576807022094727 -0.47884035110473633 -16.75941276550293 0.10000000149011612 1.0159900188446045 22.83734176158905 102124.87644383532 621784694
3203395597 2433633.0 -999.0 -999.0 -999.0 1.436521053314209 -0.47884035110473633 -16.75941276550293 -0.4000000059604645 1.011989951133728 22.843519897460936 102121.64904472674 1852921521
3203395597 2433733.0 40.53606414794922 -74.44542694091797 40.5 -1.436521053314209 -0.47884035110473633 -17.238252639770508 -0.20000000298023224 1.0119999647140503 22.84227112531662 102126.34833645698 4017609355
3203395597 2433833.0 -999.0 -999.0 -999.0 0.47884035110473633 0.47884035110473633 -16.28057098388672 -0.10000000149011612 1.0119799375534058 22.84213967561722 102126.08335619821 1443058656
3203395597 2433933.0 40.53606414794922 -74.44542694091797 40.5 -0.47884035110473633 -0.47884035110473633 -16.75941276550293 0.0 1.0120099782943726 22.84220540046692 102125.6307173936 1992039755
3203395597 2434033.0 -999.0 -999.0 -999.0 -0.47884035110473633 -0.47884035110473633 -16.75941276550293 0.10000000149011612 1.0120099782943726 22.84154815196991 102121.18513564003 1493089180
3203395597 2434133.0 40.53606414794922 -74.44542694091797 40.5 0.9576807022094727 -1.9153614044189453 -16.75941276550293 -0.10000000149011612 1.0160000324249268 22.84430859565735 102123.70702961751 3604114619
3203395597 2434233.0 -999.0 -999.0 -999.0 -0.47884035110473633 -1.436521053314209 -15.80173110961914 -0.20000000298023224 1.0119999647140503 22.842665474414826 102123.78853550868 1146376755
3203395597 2434333.0 40.53606414794922 -74.44542694091797 40.400001525878906 -0.47884035110473633 -0.9576807022094727 -15.80173110961914 -0.20000000298023224 1.0159800052642822 22.843848521709443 102123.36472983757 2886325869
3203395597 2434433.0 -999.0 -999.0 -999.0 -1.9153614044189453 -0.47884035110473633 -15.322891235351562 -0.10000000149011612 1.0159900188446045 22.843914246559144 102121.19570415467 3599190426
3203395597 2434533.0 40.53606414794922 -74.44542694091797 40.400001525878906 -0.47884035110473633 -0.47884035110473633 -17.717092514038086 0.0 1.0120099782943726 22.843914246559144 102121.81984402827 47426052
3203395597 2434633.0 -999.0 -999.0 -999.0 -1.9153614044189453 -0.9576807022094727 -17.717092514038086 0.10000000149011612 1.011989951133728 22.843454172611235 102124.91031208809 1234971684
3203395597 2434733.0 40.53606414794922 -74.44542694091797 40.400001525878906 0.0 -0.9576807022094727 -16.28057098388672 -0.10000000149011612 1.011989951133728 22.84503156900406 102121.30254926457 1445444804
3203395597 2434833.0 -999.0 -999.0 -999.0 0.0 0.47884035110473633 -17.717092514038086 0.0 1.011989951133728 22.84299409866333 102123.08568214113 2212610284
3203395597 2434933.0 40.53606414794922 -74.44542694091797 40.400001525878906 0.47884035110473633 -0.47884035110473633 -16.75941276550293 -0.20000000298023224 1.0119999647140503 22.842468299865722 102127.5649880615 1538890780
3203395597 2435033.0 -999.0 -999.0 -999.0 -0.47884035110473633 -0.9576807022094727 -17.238252639770508 -0.20000000298023224 1.011989951133728 22.844242870807648 102124.93984636443 2891909387
3203395597 2435133.0 40.53606414794922 -74.44542694091797 40.400001525878906 -0.47884035110473633 -1.9153614044189453 -16.75941276550293 0.0 1.0119999647140503 22.844177145957946 102127.65499581082 871424347
3203395597 2435233.0 -999.0 -999.0 -999.0 -0.47884035110473633 -1.436521053314209 -17.238252639770508 -0.10000000149011612 1.0120199918746948 22.843519897460936 102121.25895764644 2960026436
3203395597 2435333.0 40.536067962646484 -74.44542694091797 40.29999923706055 -0.47884035110473633 -0.9576807022094727 -17.238252639770508 -0.10000000149011612 1.0119799375534058 22.844900119304658 102125.3285402329 2210125390
3203395597 2435433.0 -999.0 -999.0 -999.0 -0.47884035110473633 -0.9576807022094727 -16.75941276550293 -0.20000000298023224 1.0119799375534058 22.843979971408842 102122.14737765811 2127558162
3203395597 2435533.0 40.536067962646484 -74.44542694091797 40.29999923706055 -0.47884035110473633 -2.3942017555236816 -17.238252639770508 0.0 1.016010046005249 22.84233685016632 102120.43449273496 3656099531
3203395597 2435633.0 -999.0 -999.0 -999.0 -0.9576807022094727 -0.47884035110473633 -16.75941276550293 0.0 1.011989951133728 22.842534024715423 102122.74338336056 3006927322
3203395597 2435733.0 40.536067962646484 -74.44542694091797 40.29999923706055 -0.47884035110473633 -0.47884035110473633 -16.75941276550293 -0.10000000149011612 1.0120199918746948 22.843388447761537 102126.76726541528 1689693399
3203395597 2435833.0 -999.0 -999.0 -999.0 0.0 -1.436521053314209 -16.28057098388672 -0.10000000149011612 1.011989951133728 22.845425918102265 102124.98414675688 4086060792
3203395597 2435933.0 40.536067962646484 -74.44542694091797 40.29999923706055 -1.436521053314209 -0.47884035110473633 -15.80173110961914 -0.20000000298023224 1.0119999647140503 22.845557367801668 102125.6392170146 2067367507
3203395597 2436033.0 -999.0 -999.0 -999.0 0.0 -0.9576807022094727 -15.80173110961914 -0.10000000149011612 1.011989951133728 22.842534024715423 102125.0058834863 260716509
3203395597 2436133.0 40.536067962646484 -74.44542694091797 40.29999923706055 0.9576807022094727 -1.436521053314209 -16.75941276550293 0.10000000149011612 1.0119799375534058 22.844505770206453 102119.85254202352 4014545074
3203395597 2436233.0 -999.0 -999.0 -999.0 0.47884035110473633 -0.9576807022094727 -16.75941276550293 -0.10000000149011612 1.011989951133728 22.84516301870346 102126.79471533053 770266255
3203395597 2436333.0 40.536067962646484 -74.4454345703125 40.099998474121094 -0.9576807022094727 -0.47884035110473633 -16.75941276550293 -0.10000000149011612 1.011989951133728 22.84457149505615 102118.0736006159 2358238219
3203395597 2436433.0 -999.0 -999.0 -999.0 -1.436521053314209 -2.3942017555236816 -17.238252639770508 -0.30000001192092896 1.0119799375534058 22.846608965396882 102124.24826642469 1968540993
3203395597 2436533.0 40.536067962646484 -74.4454345703125 40.099998474121094 -1.436521053314209 -0.47884035110473633 -16.28057098388672 0.10000000149011612 1.0119699239730835 22.84720048904419 102125.55771238398 3150277977
3203395597 2436633.0 -999.0 -999.0 -999.0 -0.47884035110473633 -0.47884035110473633 -17.238252639770508 -0.10000000149011612 1.0119999647140503 22.84588599205017 102121.1134860823 2620210797
3203395597 2436733.0 40.536067962646484 -74.4454345703125 40.099998474121094 -0.47884035110473633 -1.436521053314209 -18.195932388305664 0.0 1.0119799375534058 22.84871216058731 102125.75734957738 734640084
3203395597 2436833.0 -999.0 -999.0 -999.0 -0.47884035110473633 -0.47884035110473633 -16.28057098388672 0.0 1.0119599103927612 22.848186361789704 102121.18659845128 1456577050
3203395597 2436933.0 40.536067962646484 -74.4454345703125 40.099998474121094 -0.47884035110473633 -0.47884035110473633 -15.80173110961914 -0.10000000149011612 1.0120199918746948 22.845688817501067 102121.61322018632 309859434
3203395597 2437033.0 -999.0 -999.0 -999.0 -0.47884035110473633 -0.47884035110473633 -15.322891235351562 -0.10000000149011612 1.016010046005249 22.848383536338805 102119.98469657562 3277171703
3203395597 2437133.0 40.536067962646484 -74.4454345703125 40.099998474121094 -0.47884035110473633 -0.9576807022094727 -15.322891235351562 -0.20000000298023224 1.0119999647140503 22.84950085878372 102123.368309421 2269073706
3203395597 2437233.0 -999.0 -999.0 -999.0 -0.47884035110473633 -0.47884035110473633 -18.195932388305664 0.20000000298023224 1.0119999647140503 22.847003314495087 102123.09276159015 3923827823
3203395597 2437333.0 40.536067962646484 -74.4454345703125 40.0 -0.47884035110473633 -1.436521053314209 -16.28057098388672 -0.10000000149011612 1.0119999647140503 22.848383536338805 102121.5450617043 3281768501
3203395597 2437433.0 -999.0 -999.0 -999.0 -1.436521053314209 -0.9576807022094727 -16.28057098388672 0.0 1.0119699239730835 22.8480549120903 102122.24792642822 2960275129
3203395597 2437533.0 40.536067962646484 -74.4454345703125 40.0 0.9576807022094727 -1.436521053314209 -17.238252639770508 -0.10000000149011612 1.0119999647140503 22.851341154575348 102121.14865441312 693325461
3203395597 2437633.0 -999.0 -999.0 -999.0 -0.9576807022094727 -0.47884035110473633 -16.28057098388672 0.0 1.0119999647140503 22.84647751569748 102119.30220919993 1268355762
3203395597 2437733.0 40.536067962646484 -74.4454345703125 40.0 -0.47884035110473633 -0.47884035110473633 -16.75941276550293 -0.10000000149011612 1.0120199918746948 22.849566583633422 102126.34847461496 3799086101
3203395597 2437833.0 -999.0 -999.0 -999.0 0.9576807022094727 0.0 -15.80173110961914 -0.20000000298023224 1.011989951133728 22.8479234623909 102122.29501746898 2010536059
3203395597 2437933.0 40.536067962646484 -74.4454345703125 40.0 -0.47884035110473633 -0.9576807022094727 -16.75941276550293 0.0 1.011989951133728 22.849632308483123 102123.32121831214 2479530804
3203395597 2438033.0 -999.0 -999.0 -999.0 -0.47884035110473633 -1.436521053314209 -15.80173110961914 0.0 1.0119799375534058 22.847857737541197 102122.59162655188 2163691426
3203395597 2438133.0 40.536067962646484 -74.4454345703125 40.0 -0.47884035110473633 -0.9576807022094727 -14.36521053314209 0.0 1.011989951133728 22.851012530326845 102120.75926309265 2483699813
3203395597 2438233.0 -999.0 -999.0 -999.0 -0.47884035110473633 -1.436521053314209 -15.322891235351562 -0.20000000298023224 1.0159800052642822 22.84923795938492 102122.91636267409 1504735947
3203395597 2438333.0 40.536067962646484 -74.4454345703125 39.900001525878906 -0.47884035110473633 -0.47884035110473633 -16.75941276550293 0.0 1.011989951133728 22.849829483032227 102122.43138724769 2272796343
3203395597 2438433.0 -999.0 -999.0 -999.0 -0.47884035110473633 -2.3942017555236816 -16.28057098388672 -0.20000000298023224 1.0120099782943726 22.85219557762146 102127.6692093786 2439400330
3203395597 2438533.0 40.536067962646484 -74.4454345703125 39.900001525878906 -1.9153614044189453 -1.436521053314209 -16.28057098388672 -0.20000000298023224 1.011989951133728 22.850026657581328 102125.0523896811 4279709688
3203395597 2438633.0 -999.0 -999.0 -999.0 -0.9576807022094727 -1.436521053314209 -14.844050407409668 -0.10000000149011612 1.0119799375534058 22.8479891872406 102120.43804452929 998253287
3203395597 2438733.0 40.536067962646484 -74.4454345703125 39.900001525878906 -1.436521053314209 -0.9576807022094727 -17.238252639770508 -0.20000000298023224 1.0079799890518188 22.84936940908432 102123.88351104519 4101439062
3203395597 2438833.0 -999.0 -999.0 -999.0 -0.47884035110473633 -2.873042106628418 -15.80173110961914 -0.10000000149011612 1.0120099782943726 22.849566583633422 102121.90142234653 2546510012
3203395597 2438933.0 40.536067962646484 -74.4454345703125 39.900001525878906 -0.47884035110473633 -0.47884035110473633 -14.844050407409668 0.0 1.0119999647140503 22.849698033332825 102125.59921800572 3396312927
3203395597 2439033.0 -999.0 -999.0 -999.0 -1.436521053314209 -0.47884035110473633 -15.80173110961914 -0.10000000149011612 1.011989951133728 22.849435133934023 102128.18998890388 2146940691
3203395597 2439133.0 40.536067962646484 -74.4454345703125 39.900001525878906 0.9576807022094727 -0.9576807022094727 -15.322891235351562 -0.20000000298023224 1.011989951133728 22.847069039344788 102119.67543202773 279264992
3203395597 2439233.0 -999.0 -999.0 -999.0 -1.436521053314209 -0.47884035110473633 -16.75941276550293 -0.10000000149011612 1.0120099782943726 22.84989520788193 102122.9929804051 2321643843
3203395597 2439333.0 40.536067962646484 -74.44542694091797 39.79999923706055 -0.47884035110473633 -1.9153614044189453 -16.75941276550293 0.10000000149011612 1.0119999647140503 22.848777885437013 102123.66631887032 3663549133
3203395597 2439433.0 -999.0 -999.0 -999.0 -0.9576807022094727 -0.47884035110473633 -17.717092514038086 -0.10000000149011612 1.0119999647140503 22.849763758182526 102126.00477447995 1348821382
3203395597 2439533.0 40.536067962646484 -74.44542694091797 39.79999923706055 1.436521053314209 -0.47884035110473633 -17.238252639770508 -0.20000000298023224 1.0119999647140503 22.8479234623909 102121.35879934573 2536229980
3203395597 2439633.0 -999.0 -999.0 -999.0 -1.9153614044189453 -0.9576807022094727 -16.28057098388672 -0.30000001192092896 1.011989951133728 22.84871216058731 102123.18274524121 1868137795
3203395597 2439733.0 40.536067962646484 -74.44542694091797 39.79999923706055 -0.47884035110473633 -0.9576807022094727 -15.322891235351562 0.10000000149011612 1.011989951133728 22.852655651569368 102125.0467940754 3387843921
3203395597 2439833.0 -999.0 -999.0 -999.0 1.436521053314209 -0.9576807022094727 -16.28057098388672 0.0 1.0119999647140503 22.849698033332825 102123.41470046598 3083532986
3203395597 2439933.0 40.536067962646484 -74.44542694091797 39.79999923706055 1.9153614044189453 -0.47884035110473633 -14.844050407409668 0.10000000149011612 1.0119999647140503 22.850552456378935 102123.69374695857 3454560768
3203395597 2440033.0 -999.0 -999.0 -999.0 -0.9576807022094727 -0.47884035110473633 -16.75941276550293 0.10000000149011612 1.0119799375534058 22.85147260427475 102126.71891510737 1347707871
3203395597 2440133.0 40.536067962646484 -74.44542694091797 39.79999923706055 -0.47884035110473633 -1.436521053314209 -16.75941276550293 -0.10000000149011612 1.0160200595855713 22.851604053974153 102125.50154230464 1610553281
3203395597 2440233.0 -999.0 -999.0 -999.0 0.9576807022094727 -0.47884035110473633 -15.322891235351562 0.20000000298023224 1.0159900188446045 22.85140687942505 102122.33439939108 2729413054
3203395597 2440333.0 40.53607177734375 -74.44542694091797 39.599998474121094 -0.47884035110473633 -0.9576807022094727 -17.717092514038086 -0.10000000149011612 1.016010046005249 22.851012530326845 102125.98651670897 1420110535
3203395597 2440433.0 -999.0 -999.0 -999.0 0.0 -0.9576807022094727 -15.80173110961914 0.10000000149011612 1.0160000324249268 22.851538329124452 102124.08173995675 2370275780
3203395597 2440533.0 40.53607177734375 -74.44542694091797 39.599998474121094 0.0 -0.9576807022094727 -15.322891235351562 0.30000001192092896 1.0160000324249268 22.853312900066374 102126.99587174243 1311618674
3203395597 2440633.0 -999.0 -999.0 -999.0 -0.9576807022094727 -1.9153614044189453 -16.75941276550293 0.10000000149011612 1.0119999647140503 22.85291855096817 102120.97364022565 629885364
3203395597 2440733.0 40.53607177734375 -74.44542694091797 39.599998474121094 -0.47884035110473633 -0.9576807022094727 -15.80173110961914 -0.10000000149011612 1.0159800052642822 22.853378624916076 102126.85529758252 2108653361
3203395597 2440833.0 -999.0 -999.0 -999.0 -0.47884035110473633 -1.436521053314209 -16.28057098388672 -0.20000000298023224 1.0119999647140503 22.852787101268767 102121.25478986284 2777200421
3203395597 2440933.0 40.53607177734375 -74.44542694091797 39.599998474121094 -1.9153614044189453 -1.436521053314209 -16.75941276550293 -0.10000000149011612 1.0160000324249268 22.85291855096817 102124.95261126704 4242660601
3203395597 2441033.0 -999.0 -999.0 -999.0 -0.9576807022094727 0.0 -16.75941276550293 0.10000000149011612 1.0120199918746948 22.853247175216676 102117.38405875582 238743818
3203395597 2441133.0 40.53607177734375 -74.44542694091797 39.599998474121094 -0.47884035110473633 -0.9576807022094727 -17.238252639770508 0.0 1.0119999647140503 22.853181450366975 102117.91472967167 505884844
3203395597 2441233.0 -999.0 -999.0 -999.0 0.9576807022094727 0.0 -17.717092514038086 -0.10000000149011612 1.0119799375534058 22.8548902964592 102123.62207936688 2714255990
3203395597 2441333.0 40.53607177734375 -74.44541931152344 39.5 -0.47884035110473633 -0.9576807022094727 -14.844050407409668 0.20000000298023224 1.011989951133728 22.85699349164963 102122.5565175729 2554942050
3203395597 2441433.0 -999.0 -999.0 -999.0 0.47884035110473633 1.9153614044189453 -15.322891235351562 -0.20000000298023224 1.0120099782943726 22.854956021308897 102123.79358168505 3973375328
3203395597 2441533.0 40.53607177734375 -74.44541931152344 39.5 0.47884035110473633 1.436521053314209 -17.238252639770508 0.10000000149011612 1.0119999647140503 22.856664867401122 102117.72000011057 2260452107
3203395597 2441633.0 -999.0 -999.0 -999.0 -0.47884035110473633 -0.47884035110473633 -16.28057098388672 0.20000000298023224 1.0159800052642822 22.85383869886398 102127.82175716659 3258211946
3203395597 2441733.0 40.53607177734375 -74.44541931152344 39.5 0.0 -1.436521053314209 -16.28057098388672 0.0 1.0119799375534058 22.857716464996336 102124.13097159145 2421012094
3203395597 2441833.0 -999.0 -999.0 -999.0 1.436521053314209 -0.9576807022094727 -15.322891235351562 0.0 1.0119799375534058 22.85272137641907 102121.62942163117 1015942731
3203395597 2441933.0 40.53607177734375 -74.44541931152344 39.5 -0.47884035110473633 -0.47884035110473633 -16.28057098388672 -0.10000000149011612 1.0119999647140503 22.856533417701723 102126.97341497318 3830576229
3203395597 2442033.0 -999.0 -999.0 -999.0 0.0 -0.9576807022094727 -18.195932388305664 -0.10000000149011612 1.0119999647140503 22.859030961990356 102122.25567912468 2402556058
3203395597 2442133.0 40.53607177734375 -74.44541931152344 39.5 -0.47884035110473633 -0.9576807022094727 -17.238252639770508 0.0 1.011989951133728 22.85646769285202 102122.19875215797 3410221252
3203395597 2442233.0 -999.0 -999.0 -999.0 -0.47884035110473633 -0.47884035110473633 -15.322891235351562 -0.10000000149011612 1.011989951133728 22.85567899465561 102122.48130998615 930807454
3203395597 2442333.0 40.536075592041016 -74.44541931152344 39.400001525878906 -0.47884035110473633 -0.9576807022094727 -15.322891235351562 0.0 1.0119999647140503 22.858833787441252 102119.94670774369 1779951316
3203395597 2442433.0 -999.0 -999.0 -999.0 0.0 -1.436521053314209 -17.238252639770508 -0.10000000149011612 1.0119799375534058 22.858965237140655 102123.41051720356 2550351821
3203395597 2442533.0 40.536075592041016 -74.44541931152344 39.400001525878906 -0.9576807022094727 -0.47884035110473633 -16.28057098388672 -0.10000000149011612 1.011989951133728 22.85876806259155 102120.94550553942 2748007722
3203395597 2442633.0 -999.0 -999.0 -999.0 -0.47884035110473633 0.0 -17.717092514038086 -0.20000000298023224 1.0119999647140503 22.859030961990356 102127.17094518355 757505112
3203395597 2442733.0 40.536075592041016 -74.44541931152344 39.400001525878906 -0.47884035110473633 -0.47884035110473633 -17.238252639770508 0.0 1.011989951133728 22.858242263793944 102122.53824056417 2332604232
3203395597 2442833.0 -999.0 -999.0 -999.0 -0.47884035110473633 -0.9576807022094727 -15.322891235351562 -0.10000000149011612 1.0119999647140503 22.860148284435272 102127.12175047584 4071184072
3203395597 2442933.0 40.536075592041016 -74.44541931152344 39.400001525878906 -0.47884035110473633 -0.9576807022094727 -16.75941276550293 -0.30000001192092896 1.0119699239730835 22.86152850627899 102120.34662358405 3587623778
3203395597 2443033.0 -999.0 -999.0 -999.0 0.0 -0.47884035110473633 -16.75941276550293 0.20000000298023224 1.011989951133728 22.858833787441252 102127.67069389194 163012366
3203395597 2443133.0 40.536075592041016 -74.44541931152344 39.400001525878906 -0.47884035110473633 -0.47884035110473633 -16.75941276550293 -0.10000000149011612 1.016010046005249 22.86290872812271 102125.11852668575 2436123798
3203395597 2443233.0 -999.0 -999.0 -999.0 -0.47884035110473633 -1.9153614044189453 -16.28057098388672 -0.10000000149011612 1.0119799375534058 22.859491035938262 102117.13656970818 2411807060
3203395597 2443333.0 40.53607940673828 -74.44541931152344 39.20000076293945 -0.47884035110473633 -0.47884035110473633 -16.75941276550293 0.0 1.0120099782943726 22.865406272411345 102122.81935450411 2457553831
3203395597 2443433.0 -999.0 -999.0 -999.0 -0.47884035110473633 -0.47884035110473633 -17.717092514038086 -0.30000001192092896 1.0120099782943726 22.859688210487366 102118.58732078079 1930657026
3203395597 2443533.0 40.53607940673828 -74.44541931152344 39.20000076293945 -0.47884035110473633 -1.9153614044189453 -15.322891235351562 -0.10000000149011612 1.0119999647140503 22.8619885802269 102122.873502217 1696807126
3203395597 2443633.0 -999.0 -999.0 -999.0 -0.9576807022094727 -1.436521053314209 -17.238252639770508 0.10000000149011612 1.0079900026321411 22.862185754776 102122.45176791522 3375851432
3203395597 2443733.0 40.53607940673828 -74.44541931152344 39.20000076293945 0.0 -1.436521053314209 -14.844050407409668 0.10000000149011612 1.0119599103927612 22.86343452692032 102123.91587993375 3793962341
3203395597 2443833.0 -999.0 -999.0 -999.0 0.47884035110473633 0.0 -16.75941276550293 -0.10000000149011612 1.0119999647140503 22.859885385036467 102127.37197599764 2669428691
3203395597 2443933.0 40.53607940673828 -74.44541931152344 39.20000076293945 -0.9576807022094727 -0.47884035110473633 -16.75941276550293 0.0 1.0120099782943726 22.86159423112869 102128.32018139935 3249220965
3203395597 2444033.0 -999.0 -999.0 -999.0 -0.47884035110473633 -0.47884035110473633 -15.322891235351562 -0.20000000298023224 1.0119799375534058 22.863763151168822 102118.76579512772 3661040927
3203395597 2444133.0 40.53607940673828 -74.44541931152344 39.20000076293945 -0.47884035110473633 0.47884035110473633 -17.238252639770508 -0.10000000149011612 1.011989951133728 22.86422322511673 102124.0234183505 1887628297
3203395597 2444233.0 -999.0 -999.0 -999.0 -0.9576807022094727 -0.47884035110473633 -16.75941276550293 -0.10000000149011612 1.011989951133728 22.863828876018523 102121.59001095791 787451946
3203395597 2444333.0 40.53607940673828 -74.44541931152344 39.20000076293945 -0.47884035110473633 -0.47884035110473633 -16.28057098388672 -0.30000001192092896 1.0119999647140503 22.86356597661972 102125.27316145808 665154266
3203395597 2444433.0 -999.0 -999.0 -999.0 -0.47884035110473633 -1.9153614044189453 -15.322891235351562 -0.10000000149011612 1.0119799375534058 22.863040177822114 102125.46153679589 3637776980
3203395597 2444533.0 40.53607940673828 -74.44541931152344 39.20000076293945 -0.9576807022094727 -1.436521053314209 -16.75941276550293 -0.10000000149011612 1.0119999647140503 22.8619885802269 102126.61849136313 1844216466
3203395597 2444633.0 -999.0 -999.0 -999.0 -0.47884035110473633 -0.47884035110473633 -17.238252639770508 -0.20000000298023224 1.0120099782943726 22.86415750026703 102127.59692024841 349038499
3203395597 2444733.0 40.53607940673828 -74.44541931152344 39.20000076293945 -0.47884035110473633 -0.9576807022094727 -17.238252639770508 0.0 1.0120099782943726 22.86494619846344 102118.73203607404 2386841018
3203395597 2444833.0 -999.0 -999.0 -999.0 0.9576807022094727 -0.47884035110473633 -15.322891235351562 -0.10000000149011612 1.0119999647140503 22.86626069545746 102128.94999649434 1131222773
3203395597 2444933.0 40.53607940673828 -74.44541931152344 39.20000076293945 0.0 0.0 -16.75941276550293 0.0 1.0159900188446045 22.865800621509553 102118.69898448873 3696028879
3203395597 2445033.0 -999.0 -999.0 -999.0 0.0 0.0 -16.75941276550293 0.0 1.011989951133728 22.864551849365235 102116.84477705427 1071741017
3203395597 2445133.0 40.53607940673828 -74.44541931152344 39.20000076293945 0.9576807022094727 -0.47884035110473633 -14.844050407409668 0.20000000298023224 1.011989951133728 22.865406272411345 102123.13143929507 3039915358
3203395597 2445233.0 -999.0 -999.0 -999.0 -0.9576807022094727 -1.9153614044189453 -17.238252639770508 -0.20000000298023224 1.011989951133728 22.86501192331314 102123.27272406907 503622796
3203395597 2445333.0 40.53607940673828 -74.4454116821289 39.0 -0.47884035110473633 -1.436521053314209 -17.238252639770508 -0.10000000149011612 1.0160000324249268 22.865209097862245 102120.82243624108 815097610
3203395597 2445433.0 -999.0 -999.0 -999.0 0.47884035110473633 -0.47884035110473633 -16.28057098388672 -0.10000000149011612 1.016010046005249 22.863368802070617 102123.58833326679 678615990
3203395597 2445533.0 40.53607940673828 -74.4454116821289 39.0 -1.436521053314209 -0.47884035110473633 -16.28057098388672 0.0 1.0119999647140503 22.867312293052674 102122.64361094183 1741892917
3203395597 2445633.0 -999.0 -999.0 -999.0 -0.9576807022094727 -0.47884035110473633 -16.28057098388672 0.0 1.0119799375534058 22.863368802070617 102126.24104202044 1214307582
3203395597 2445733.0 40.53607940673828 -74.4454116821289 39.0 -0.47884035110473633 -0.9576807022094727 -17.717092514038086 -0.10000000149011612 1.0119999647140503 22.866194970607758 102121.60052717628 74060414
3203395597 2445833.0 -999.0 -999.0 -999.0 -0.47884035110473633 -0.9576807022094727 -15.322891235351562 -0.20000000298023224 1.0119999647140503 22.86494619846344 102124.1935143515 1413145447
3203395597 2445933.0 40.53607940673828 -74.4454116821289 39.0 -0.47884035110473633 -0.9576807022094727 -17.238252639770508 -0.10000000149011612 1.0080100297927856 22.866194970607758 102123.23897519073 657519047
3203395597 2446033.0 -999.0 -999.0 -999.0 -1.436521053314209 -0.9576807022094727 -16.28057098388672 -0.4000000059604645 1.01596999168396 22.868758239746093 102125.40247128264 1270335556
3203395597 2446133.0 40.53607940673828 -74.4454116821289 39.0 0.47884035110473633 -0.47884035110473633 -17.238252639770508 0.0 1.0120099782943726 22.866194970607758 102122.30271918245 1204340839
3203395597 2446233.0 -999.0 -999.0 -999.0 -1.436521053314209 -2.3942017555236816 -17.717092514038086 0.0 1.0120099782943726 22.865932071208952 102120.68044159119 199301416
3203395597 2446333.0 40.53607940673828 -74.4454116821289 39.0 0.0 -0.9576807022094727 -17.717092514038086 0.10000000149011612 1.0119799375534058 22.866786494255066 102125.32867891644 4193566547
3203395597 2446433.0 -999.0 -999.0 -999.0 0.9576807022094727 -1.436521053314209 -16.75941276550293 0.0 1.011989951133728 22.864814748764037 102125.17686204781 3271087578
3203395597 2446533.0 40.53607940673828 -74.4454116821289 39.0 0.47884035110473633 0.47884035110473633 -17.238252639770508 -0.10000000149011612 1.011989951133728 22.868758239746093 102124.1541228519 1284966403
3203395597 2446633.0 -999.0 -999.0 -999.0 0.0 -1.436521053314209 -17.238252639770508 0.20000000298023224 1.0080000162124634 22.86783809185028 102130.10134675686 498089724
3203395597 2446733.0 40.53607940673828 -74.4454116821289 39.0 0.47884035110473633 -0.9576807022094727 -18.195932388305664 0.10000000149011612 1.0120099782943726 22.86862679004669 102128.96054533974 314241588
3203395597 2446833.0 -999.0 -999.0 -999.0 -0.9576807022094727 -0.47884035110473633 -16.75941276550293 -0.20000000298023224 1.0079900026321411 22.867378017902375 102119.3821692937 3196501423
3203395597 2446933.0 40.53607940673828 -74.4454116821289 39.0 -2.873042106628418 -0.9576807022094727 -16.75941276550293 0.10000000149011612 1.0119699239730835 22.86869251489639 102123.04635499744 1301823022
3203395597 2447033.0 -999.0 -999.0 -999.0 -1.436521053314209 -0.47884035110473633 -14.844050407409668 -0.20000000298023224 1.0080000162124634 22.86770664215088 102125.15505819075 1966013694
3203395597 2447133.0 40.53607940673828 -74.4454116821289 39.0 -0.47884035110473633 -0.9576807022094727 -17.238252639770508 -0.20000000298023224 1.0119799375534058 22.868100991249083 102125.01377311011 3950151500
3203395597 2447233.0 -999.0 -999.0 -999.0 0.9576807022094727 -2.3942017555236816 -16.75941276550293 0.0 1.011989951133728 22.868758239746093 102120.40907755971 2950038483
3203395597 2447333.0 40.536075592041016 -74.4454116821289 39.0 -1.436521053314209 -0.9576807022094727 -15.80173110961914 -0.20000000298023224 1.0120099782943726 22.87125578403473 102119.20214523951 2304008162
3203395597 2447433.0 -999.0 -999.0 -999.0 -1.436521053314209 -0.47884035110473633 -16.28057098388672 -0.10000000149011612 1.0119999647140503 22.870401360988616 102123.05828210968 1097270656
3203395597 2447533.0 40.536075592041016 -74.4454116821289 39.0 0.0 -0.47884035110473633 -17.238252639770508 0.20000000298023224 1.0119799375534058 22.8690211391449 102121.17312432657 1615151256
3203395597 2447633.0 -999.0 -999.0 -999.0 0.9576807022094727 -1.436521053314209 -16.28057098388672 0.10000000149011612 1.0119799375534058 22.86770664215088 102123.51660469116 1086703495
3203395597 2447733.0 40.536075592041016 -74.4454116821289 39.0 -0.47884035110473633 -2.3942017555236816 -16.28057098388672 -0.10000000149011612 1.011989951133728 22.86869251489639 102122.03207204514 758062098
3203395597 2447833.0 -999.0 -999.0 -999.0 0.0 0.0 -17.717092514038086 -0.10000000149011612 1.011989951133728 22.869612662792207 102125.83756019344 1773557674
3203395597 2447933.0 40.536075592041016 -74.4454116821289 39.0 0.47884035110473633 -0.47884035110473633 -17.238252639770508 -0.20000000298023224 1.0119999647140503 22.866129245758056 102125.72019442485 558488158
3203395597 2448033.0 -999.0 -999.0 -999.0 -0.47884035110473633 -0.47884035110473633 -15.322891235351562 0.10000000149011612 1.0120199918746948 22.86849534034729 102128.30544380646 1476368137
3203395597 2448133.0 40.536075592041016 -74.4454116821289 39.0 -0.47884035110473633 -0.47884035110473633 -17.238252639770508 -0.10000000149011612 1.0120099782943726 22.865866346359255 102120.7430001407 915038095
3203395597 2448233.0 -999.0 -999.0 -999.0 -0.9576807022094727 0.0 -15.322891235351562 0.0 1.011989951133728 22.86711511850357 102132.19386568351 2730041433
3203395597 2448333.0 40.53607177734375 -74.4454116821289 39.0 -0.47884035110473633 -0.47884035110473633 -17.238252639770508 -0.30000001192092896 1.0119999647140503 22.864617574214936 102116.47013396362 728228642
3203395597 2448433.0 -999.0 -999.0 -999.0 -0.47884035110473633 -0.47884035110473633 -17.238252639770508 -0.10000000149011612 1.0119799375534058 22.863171627521513 102124.01006842026 671378329
3203395597 2448533.0 40.53607177734375 -74.4454116821289 39.0 -0.47884035110473633 -0.47884035110473633 -17.238252639770508 0.10000000149011612 1.0119699239730835 22.861725680828094 102125.15226634272 1029022005
3203395597 2448633.0 -999.0 -999.0 -999.0 0.47884035110473633 -0.47884035110473633 -17.717092514038086 0.10000000149011612 1.011989951133728 22.861791405677796 102119.3161868797 824196279
3203395597 2448733.0 40.53607177734375 -74.4454116821289 39.0 -0.47884035110473633 -1.436521053314209 -15.322891235351562 0.0 1.0119799375534058 22.863171627521513 102127.2869425086 1980605931
3203395597 2448833.0 -999.0 -999.0 -999.0 -0.47884035110473633 -1.436521053314209 -17.238252639770508 0.0 1.0120199918746948 22.862448654174806 102125.47840646538 2654140031
3203395597 2448933.0 40.53607177734375 -74.4454116821289 39.0 0.0 -0.47884035110473633 -15.322891235351562 -0.20000000298023224 1.011989951133728 22.8621200299263 102127.74170763622 626198273
3203395597 2449033.0 -999.0 -999.0 -999.0 -0.47884035110473633 -0.47884035110473633 -17.238252639770508 -0.20000000298023224 1.0120099782943726 22.861002707481383 102124.98216759344 1241853769
3203395597 2449133.0 40.53607177734375 -74.4454116821289 39.0 -0.9576807022094727 -1.436521053314209 -18.674774169921875 0.0 1.0119999647140503 22.860345458984376 102121.86276008142 1824958652
3203395597 2449233.0 -999.0 -999.0 -999.0 -1.436521053314209 -0.9576807022094727 -16.28057098388672 -0.10000000149011612 1.0119699239730835 22.863828876018523 102121.82407373347 3764089982
3203395597 2449333.0 40.536067962646484 -74.4454116821289 39.0 -0.47884035110473633 -1.436521053314209 -15.322891235351562 0.20000000298023224 1.0119999647140503 22.86073980808258 102124.21812997985 85053051
3203395597 2449433.0 -999.0 -999.0 -999.0 -1.436521053314209 -0.47884035110473633 -16.28057098388672 -0.10000000149011612 1.011989951133728 22.865209097862245 102126.51798118936 2212320153
3203395597 2449533.0 40.536067962646484 -74.4454116821289 39.0 -1.436521053314209 -0.47884035110473633 -16.75941276550293 0.0 1.0119999647140503 22.863828876018523 102126.11522461893 3272366272
3203395597 2449633.0 -999.0 -999.0 -999.0 0.47884035110473633 -1.436521053314209 -16.75941276550293 0.0 1.0119799375534058 22.862317204475403 102124.27716941474 614991182
3203395597 2449733.0 40.536067962646484 -74.4454116821289 39.0 -0.47884035110473633 -0.47884035110473633 -16.28057098388672 -0.20000000298023224 1.0119799375534058 22.865734896659852 102124.76917989796 901764374
3203395597 2449833.0 -999.0 -999.0 -999.0 -0.9576807022094727 -0.47884035110473633 -17.238252639770508 0.0 1.0119799375534058 22.864486124515533 102122.36880858918 2808684015
3203395597 2449933.0 40.536067962646484 -74.4454116821289 39.0 0.0 -0.47884035110473633 -15.322891235351562 -0.10000000149011612 1.0120199918746948 22.86626069545746 102123.87860904483 2738290317
3203395597 2450033.0 -999.0 -999.0 -999.0 -1.436521053314209 -0.9576807022094727 -16.75941276550293 -0.10000000149011612 1.0119999647140503 22.867903816699982 102123.40695067187 765220363
3203395597 2450133.0 40.536067962646484 -74.4454116821289 39.0 -0.47884035110473633 -0.47884035110473633 -16.28057098388672 0.0 1.0119999647140503 22.867312293052674 102124.75019217294 2976576223
3203395597 2450233.0 -999.0 -999.0 -999.0 -0.9576807022094727 -1.9153614044189453 -17.238252639770508 -0.10000000149011612 1.008020043373108 22.865866346359255 102124.87812783441 2896652115
3203395597 2450333.0 40.536067962646484 -74.4454116821289 38.900001525878906 0.47884035110473633 -0.9576807022094727 -16.75941276550293 -0.30000001192092896 1.011989951133728 22.869744112491606 102120.79706032574 999948722
3203395597 2450433.0 -999.0 -999.0 -999.0 -0.47884035110473633 -0.47884035110473633 -17.717092514038086 -0.30000001192092896 1.0160000324249268 22.865997796058654 102118.19922272046 1846712616
3203395597 2450533.0 40.536067962646484 -74.4454116821289 38.900001525878906 -0.47884035110473633 0.0 -16.75941276550293 -0.10000000149011612 1.0119799375534058 22.867509467601778 102122.14384891232 678985066
3203395597 2450633.0 -999.0 -999.0 -999.0 -0.9576807022094727 -0.9576807022094727 -17.238252639770508 0.0 1.011989951133728 22.869218313694 102122.77994953579 2047367751
3203395597 2450733.0 40.536067962646484 -74.4454116821289 38.900001525878906 -0.47884035110473633 -1.436521053314209 -15.322891235351562 -0.20000000298023224 1.011989951133728 22.86711511850357 102124.23567339644 3447942590
3203395597 2450833.0 -999.0 -999.0 -999.0 0.47884035110473633 -0.47884035110473633 -17.717092514038086 0.0 1.0120099782943726 22.86849534034729 102119.879096805 2486793319
3203395597 2450933.0 40.536067962646484 -74.4454116821289 38.900001525878906 -0.47884035110473633 -0.47884035110473633 -15.80173110961914 -0.20000000298023224 1.011989951133728 22.867312293052674 102125.84249355207 4291625893
3203395597 2451033.0 -999.0 -999.0 -999.0 -0.47884035110473633 -0.47884035110473633 -16.75941276550293 0.0 1.0079900026321411 22.865866346359255 102120.50893630902 1981061362
3203395597 2451133.0 40.536067962646484 -74.4454116821289 38.900001525878906 -0.47884035110473633 -1.9153614044189453 -16.75941276550293 0.0 1.012030005455017 22.865406272411345 102126.79843558901 1739267941
3203395597 2451233.0 -999.0 -999.0 -999.0 0.9576807022094727 0.0 -16.75941276550293 -0.10000000149011612 1.011989951133728 22.86474902391434 102123.44493477541 3652172401
3203395597 2451333.0 40.53606414794922 -74.4454116821289 38.79999923706055 -0.9576807022094727 -1.9153614044189453 -15.322891235351562 -0.20000000298023224 1.0119999647140503 22.86409177541733 102123.758428893 1201261645
3203395597 2451433.0 -999.0 -999.0 -999.0 -0.47884035110473633 -0.47884035110473633 -17.238252639770508 0.0 1.0119999647140503 22.862645828723906 102117.4106421409 2106880349
3203395597 2451533.0 40.53606414794922 -74.4454116821289 38.79999923706055 -0.47884035110473633 -1.436521053314209 -17.238252639770508 0.0 1.0119999647140503 22.861857130527497 102125.49527572602 2901874267
3203395597 2451633.0 -999.0 -999.0 -999.0 -0.9576807022094727 -0.47884035110473633 -16.28057098388672 -0.30000001192092896 1.0120099782943726 22.859753935337068 102121.48953159811 4005397540
3203395597 2451733.0 40.53606414794922 -74.4454116821289 38.79999923706055 0.0 -0.9576807022094727 -17.238252639770508 0.0 1.011989951133728 22.856862041950226 102124.00796566589 3060679761
3203395597 2451833.0 -999.0 -999.0 -999.0 -0.47884035110473633 -0.47884035110473633 -16.75941276550293 0.0 1.0119999647140503 22.857716464996336 102123.97493185336 1922644410
3203395597 2451933.0 40.53606414794922 -74.4454116821289 38.79999923706055 -0.9576807022094727 0.0 -15.322891235351562 0.10000000149011612 1.011989951133728 22.855876169204713 102127.67699037929 3864603741
3203395597 2452033.0 -999.0 -999.0 -999.0 -0.9576807022094727 -0.47884035110473633 -16.75941276550293 -0.20000000298023224 1.0120199918746948 22.85784791469574 102121.66526207782 1293587725
3203395597 2452133.0 40.53606414794922 -74.4454116821289 38.79999923706055 -0.47884035110473633 -0.9576807022094727 -16.75941276550293 -0.20000000298023224 1.0160000324249268 22.85791363954544 102127.92231747479 1545202380
3203395597 2452233.0 -999.0 -999.0 -999.0 -0.47884035110473633 -1.436521053314209 -16.28057098388672 -0.20000000298023224 1.0119999647140503 22.85364152431488 102121.221754767 1538067989
3203395597 2452333.0 40.53606033325195 -74.4454116821289 38.70000076293945 -0.47884035110473633 -0.47884035110473633 -18.195932388305664 -0.20000000298023224 1.0119999647140503 22.853707249164582 102123.65581245982 3453275316
3203395597 2452433.0 -999.0 -999.0 -999.0 -0.47884035110473633 -0.9576807022094727 -16.75941276550293 0.0 1.011989951133728 22.85351007461548 102125.71593856183 2845345760
3203395597 2452533.0 40.53606033325195 -74.4454116821289 38.70000076293945 -0.9576807022094727 -0.47884035110473633 -15.322891235351562 0.0 1.0160000324249268 22.854758846759797 102120.08028118854 3943075365
3203395597 2452633.0 -999.0 -999.0 -999.0 -1.436521053314209 -0.9576807022094727 -16.75941276550293 0.10000000149011612 1.0119799375534058 22.85166977882385 102121.69408383628 2768600566
3203395597 2452733.0 40.53606033325195 -74.4454116821289 38.70000076293945 -0.47884035110473633 -0.47884035110473633 -16.28057098388672 0.10000000149011612 1.011989951133728 22.853312900066374 102124.34322206484 3486686549
3203395597 2452833.0 -999.0 -999.0 -999.0 -0.47884035110473633 -0.47884035110473633 -16.75941276550293 0.30000001192092896 1.0119999647140503 22.852392752170562 102127.16946938058 3300047367
3203395597 2452933.0 40.53606033325195 -74.4454116821289 38.70000076293945 -0.9576807022094727 0.9576807022094727 -16.75941276550293 0.0 1.011989951133728 22.854101598262787 102123.90463242534 3647539150
3203395597 2453033.0 -999.0 -999.0 -999.0 -0.47884035110473633 -1.436521053314209 -17.238252639770508 0.10000000149011612 1.011989951133728 22.851275429725646 102119.96290977579 333641884
3203395597 2453133.0 40.53606033325195 -74.4454116821289 38.70000076293945 0.47884035110473633 -0.9576807022094727 -15.322891235351562 -0.20000000298023224 1.0120099782943726 22.850946805477143 102127.68746408337 2824568564
3203395597 2453233.0 -999.0 -999.0 -999.0 -0.47884035110473633 -0.47884035110473633 -16.75941276550293 -0.10000000149011612 1.011989951133728 22.851012530326845 102124.81623604859 2038004228
3203395597 2453333.0 40.53606033325195 -74.44541931152344 38.70000076293945 -0.47884035110473633 -0.47884035110473633 -15.80173110961914 0.30000001192092896 1.0120099782943726 22.85285282611847 102120.64610089496 2924296249
3203395597 2453433.0 -999.0 -999.0 -999.0 -0.47884035110473633 -1.436521053314209 -17.717092514038086 -0.10000000149011612 1.011989951133728 22.854627397060394 102116.69452372496 2840016395
3203395597 2453533.0 40.53606033325195 -74.44541931152344 38.70000076293945 0.47884035110473633 -0.47884035110473633 -17.717092514038086 -0.10000000149011612 1.0119999647140503 22.853181450366975 102125.48258096061 2637028457
3203395597 2453633.0 -999.0 -999.0 -999.0 -0.9576807022094727 -0.9576807022094727 -16.75941276550293 0.0 1.0119999647140503 22.853772974014284 102123.43721847626 1757025458
3203395597 2453733.0 40.53606033325195 -74.44541931152344 38.70000076293945 -0.47884035110473633 -0.47884035110473633 -17.238252639770508 0.0 1.011989951133728 22.8548902964592 102121.98367237177 1531451606
3203395597 2453833.0 -999.0 -999.0 -999.0 -0.9576807022094727 -1.436521053314209 -16.75941276550293 -0.20000000298023224 1.0120099782943726 22.85640196800232 102122.96348530432 1176291407
3203395597 2453933.0 40.53606033325195 -74.44541931152344 38.70000076293945 -0.47884035110473633 -1.436521053314209 -17.238252639770508 0.10000000149011612 1.0120199918746948 22.858242263793944 102125.50299904018 2322505134
3203395597 2454033.0 -999.0 -999.0 -999.0 0.0 -0.47884035110473633 -16.28057098388672 -0.20000000298023224 1.0119699239730835 22.857716464996336 102117.81136219885 567542307
3203395597 2454133.0 40.53606033325195 -74.44541931152344 38.70000076293945 0.0 -0.9576807022094727 -14.844050407409668 -0.10000000149011612 1.0119599103927612 22.85857088804245 102121.757336688 3658684445
3203395597 2454233.0 -999.0 -999.0 -999.0 0.9576807022094727 -0.47884035110473633 -16.75941276550293 0.20000000298023224 1.0119799375534058 22.858307988643645 102123.80202336563 1623644158
3203395597 2454333.0 40.53606414794922 -74.44541931152344 38.599998474121094 -0.47884035110473633 -0.47884035110473633 -15.322891235351562 0.20000000298023224 1.0119999647140503 22.858833787441252 102127.20257351932 2287044208
3203395597 2454433.0 -999.0 -999.0 -999.0 -0.47884035110473633 -0.47884035110473633 -16.75941276550293 -0.10000000149011612 1.0119699239730835 22.85916241168976 102122.91076646239 18257511
3203395597 2454533.0 40.53606414794922 -74.44541931152344 38.599998474121094 -0.47884035110473633 -0.47884035110473633 -15.322891235351562 -0.10000000149011612 1.0119999647140503 22.861068432331084 102121.01858825679 3891321223
3203395597 2454633.0 -999.0 -999.0 -999.0 -0.47884035110473633 -0.9576807022094727 -16.75941276550293 -0.10000000149011612 1.016010046005249 22.860214009284974 102127.4492955415 1066908637
3203395597 2454733.0 40.53606414794922 -74.44541931152344 38.599998474121094 -0.47884035110473633 -2.3942017555236816 -16.75941276550293 -0.10000000149011612 1.0120099782943726 22.86290872812271 102126.21081741253 2659112372
3203395597 2454833.0 -999.0 -999.0 -999.0 -1.436521053314209 -0.9576807022094727 -16.28057098388672 0.10000000149011612 1.0119799375534058 22.859885385036467 102124.79730795202 3271651588
3203395597 2454933.0 40.53606414794922 -74.44541931152344 38.599998474121094 -0.47884035110473633 0.9576807022094727 -17.238252639770508 -0.20000000298023224 1.011989951133728 22.860871257781984 102121.36230149714 2016065771
3203395597 2455033.0 -999.0 -999.0 -999.0 -0.47884035110473633 -1.436521053314209 -17.238252639770508 0.0 1.0119799375534058 22.862645828723906 102123.18417547824 1043636307
3203395597 2455133.0 40.53606414794922 -74.44541931152344 38.599998474121094 0.47884035110473633 -0.47884035110473633 -15.322891235351562 0.10000000149011612 1.011989951133728 22.861857130527497 102120.11185539566 531830390
3203395597 2455233.0 -999.0 -999.0 -999.0 -0.47884035110473633 -0.9576807022094727 -14.844050407409668 0.0 1.0119699239730835 22.862645828723906 102124.1204241275 3371119581
3203395597 2455333.0 40.53606414794922 -74.44542694091797 38.5 -0.47884035110473633 0.0 -17.717092514038086 0.0 1.011989951133728 22.865406272411345 102117.82599784847 693198125
3203395597 2455433.0 -999.0 -999.0 -999.0 -0.9576807022094727 -1.436521053314209 -16.75941276550293 0.0 1.0119999647140503 22.863894600868225 102127.6130860041 3732347574
3203395597 2455533.0 40.53606414794922 -74.44542694091797 38.5 -0.47884035110473633 -0.9576807022094727 -16.75941276550293 0.10000000149011612 1.0120199918746948 22.8621200299263 102122.67036669113 2023259830
3203395597 2455633.0 -999.0 -999.0 -999.0 -0.47884035110473633 0.0 -15.322891235351562 -0.10000000149011612 1.0119999647140503 22.864880473613738 102126.0505576441 2461910451
3203395597 2455733.0 40.53606414794922 -74.44542694091797 38.5 0.9576807022094727 -2.3942017555236816 -18.674774169921875 0.10000000149011612 1.011989951133728 22.864486124515533 102121.27651404659 2101665563
3203395597 2455833.0 -999.0 -999.0 -999.0 -0.47884035110473633 -1.436521053314209 -16.28057098388672 0.0 1.011989951133728 22.864486124515533 102118.38973561273 1921334206
3203395597 2455933.0 40.53606414794922 -74.44542694091797 38.5 -0.47884035110473633 -0.9576807022094727 -16.28057098388672 0.10000000149011612 1.011989951133728 22.86369742631912 102119.45252072677 1232473462
3203395597 2456033.0 -999.0 -999.0 -999.0 -0.47884035110473633 -0.9576807022094727 -15.80173110961914 -0.20000000298023224 1.0119999647140503 22.865077648162842 102123.60027176945 3132750861
3203395597 2456133.0 40.53606414794922 -74.44542694091797 38.5 -0.47884035110473633 -0.47884035110473633 -15.322891235351562 -0.10000000149011612 1.0119799375534058 22.865209097862245 102124.41140977014 2631021944
3203395597 2456233.0 -999.0 -999.0 -999.0 -0.47884035110473633 -1.436521053314209 -17.238252639770508 -0.20000000298023224 1.0119799375534058 22.866655044555664 102123.19117400149 3351126343
3203395597 2456333.0 40.53606414794922 -74.44542694091797 38.5 -0.47884035110473633 -2.3942017555236816 -15.80173110961914 -0.10000000149011612 1.011989951133728 22.86422322511673 102124.25748133048 3801086130
3203395597 2456433.0 -999.0 -999.0 -999.0 -1.436521053314209 -0.47884035110473633 -15.322891235351562 -0.10000000149011612 1.0119999647140503 22.8690868639946 102124.4655040357 3386463602
3203395597 2456533.0 40.53606414794922 -74.44542694091797 38.5 0.0 -0.47884035110473633 -15.322891235351562 0.0 1.0119999647140503 22.86494619846344 102120.05839508428 3464498161
3203395597 2456633.0 -999.0 -999.0 -999.0 0.47884035110473633 0.9576807022094727 -15.322891235351562 0.10000000149011612 1.0120099782943726 22.868823964595794 102119.72234405664 99661733
3203395597 2456733.0 40.53606414794922 -74.44542694091797 38.5 0.9576807022094727 0.0 -17.238252639770508 0.0 1.012030005455017 22.868823964595794 102122.60915022291 3505624695
3203395597 2456833.0 -999.0 -999.0 -999.0 -0.47884035110473633 -0.47884035110473633 -16.75941276550293 0.0 1.0079699754714966 22.86711511850357 102130.47739283729 4215753831
3203395597 2456933.0 40.53606414794922 -74.44542694091797 38.5 -0.47884035110473633 -0.9576807022094727 -17.717092514038086 0.0 1.011989951133728 22.868100991249083 102121.42477659573 3562117737
3203395597 2457033.0 -999.0 -999.0 -999.0 -0.9576807022094727 -0.47884035110473633 -16.75941276550293 0.10000000149011612 1.0120199918746948 22.86718084335327 102120.50610439153 1586755165
3203395597 2457133.0 40.53606414794922 -74.44542694091797 38.5 -0.47884035110473633 -0.9576807022094727 -17.717092514038086 -0.20000000298023224 1.0120099782943726 22.866983668804167 102128.49592785345 3862991068
3203395597 2457233.0 -999.0 -999.0 -999.0 -0.9576807022094727 -0.47884035110473633 -18.674774169921875 0.0 1.0120199918746948 22.865537722110748 102125.893108216 2059938206
3203395597 2457333.0 40.536067962646484 -74.4454345703125 38.400001525878906 -0.47884035110473633 -0.9576807022094727 -17.238252639770508 -0.10000000149011612 1.0119999647140503 22.8690211391449 102122.81158259581 2781206187
3203395597 2457433.0 -999.0 -999.0 -999.0 -1.436521053314209 -0.9576807022094727 -16.75941276550293 -0.20000000298023224 1.0159900188446045 22.866194970607758 102121.6785485103 3512912319
3203395597 2457533.0 40.536067962646484 -74.4454345703125 38.400001525878906 -0.47884035110473633 -0.47884035110473633 -16.75941276550293 -0.20000000298023224 1.0160000324249268 22.866063520908355 102121.33553753712 360586760
3203395597 2457633.0 -999.0 -999.0 -999.0 -0.47884035110473633 -0.9576807022094727 -16.75941276550293 0.10000000149011612 1.011989951133728 22.866589319705962 102120.13287624886 3469693133
