3203395597 17833.0 -999.0 -999.0 -999.0 -11.492168426513672 -0.47884035110473633 -3.8307228088378906 -0.10000000149011612 1.0199999809265137 18.66469122139737 100202.40190351623 3798460922
3203395597 17933.0 -999.0 -999.0 -999.0 -10.5344877243042 -0.47884035110473633 -6.224924564361572 -0.10000000149011612 1.0200200080871582 18.668214471042155 100203.83988138515 1955020026
3203395597 18033.0 -999.0 -999.0 -999.0 -9.576807022094727 -0.47884035110473633 -4.309563159942627 -0.10000000149011612 1.0159800052642822 18.666552573870867 100201.52087464268 827724314
3203395597 18133.0 -999.0 -999.0 -999.0 -10.5344877243042 -1.436521053314209 -4.788403511047363 0.0 1.0199999809265137 18.666685526501386 100204.17986679432 1826390107
3203395597 18233.0 -999.0 -999.0 -999.0 -10.5344877243042 -0.9576807022094727 -4.788403511047363 -0.10000000149011612 1.020009994506836 18.670806984137744 100205.06135394593 1103901899
3203395597 18333.0 -999.0 -999.0 -999.0 -9.576807022094727 -2.3942017555236816 -4.788403511047363 0.10000000149011612 1.0159800052642822 18.670607562065126 100203.46902831062 598675435
3203395597 18433.0 -999.0 -999.0 -999.0 -11.492168426513672 -0.9576807022094727 -5.2672438621521 0.0 1.0159599781036377 18.666153715085237 100202.97400812028 3000867924
3203395597 18533.0 -999.0 -999.0 -999.0 -11.013327598571777 -0.47884035110473633 -5.746084213256836 0.20000000298023224 1.020009994506836 18.666685526501386 100207.89007476688 1468463978
3203395597 18633.0 -999.0 -999.0 -999.0 -11.013327598571777 -1.9153614044189453 -4.788403511047363 0.0 1.0199899673461914 18.66921159816906 100198.27461111548 486609498
3203395597 18733.0 -999.0 -999.0 -999.0 -9.576807022094727 -0.47884035110473633 -5.746084213256836 0.0 1.0199899673461914 18.668679798077793 100204.33461238575 4135143947
3203395597 18833.0 -999.0 -999.0 -999.0 -12.449849128723145 -0.9576807022094727 -4.309563159942627 -0.20000000298023224 1.020009994506836 18.670541087966413 100204.53571777948 3999369472
3203395597 18933.0 -999.0 -999.0 -999.0 -10.055646896362305 -0.9576807022094727 -5.746084213256836 0.0 1.0199799537658691 18.670474613830446 100202.51054082002 1443669461
3203395597 19033.0 -999.0 -999.0 -999.0 -11.013327598571777 -0.9576807022094727 -6.224924564361572 0.0 1.0159900188446045 18.67200350953266 100205.41700232687 2580666576
3203395597 19133.0 -999.0 -999.0 -999.0 -11.013327598571777 -0.47884035110473633 -4.788403511047363 0.0 1.0199899673461914 18.669610446672888 100206.48352333935 1563020990
3203395597 19233.0 -999.0 -999.0 -999.0 -10.055646896362305 -0.9576807022094727 -3.8307228088378906 -0.10000000149011612 1.0199899673461914 18.676590078398586 100202.77370658203 136873014
3203395597 19333.0 -999.0 -999.0 -999.0 -10.5344877243042 -1.436521053314209 -5.2672438621521 0.0 1.0199899673461914 18.673731802683324 100210.22500312625 2995407209
3203395597 19433.0 -999.0 -999.0 -999.0 -11.492168426513672 -0.47884035110473633 -3.8307228088378906 -0.20000000298023224 1.0199799537658691 18.672934132050724 100211.9718568045 2019490275
3203395597 19533.0 -999.0 -999.0 -999.0 -9.097966194152832 -0.47884035110473633 -2.873042106628418 -0.10000000149011612 1.0199999809265137 18.673532385528087 100208.55536913985 3741625056
3203395597 19633.0 -999.0 -999.0 -999.0 -9.576807022094727 -0.47884035110473633 -5.746084213256836 0.0 1.0199899673461914 18.673931219503284 100211.19896325999 3807776707
3203395597 19733.0 -999.0 -999.0 -999.0 -10.055646896362305 -0.9576807022094727 -4.309563159942627 -0.10000000149011612 1.0160000324249268 18.67479535518214 100212.40486749963 1633752155
3203395597 19833.0 -999.0 -999.0 -999.0 -9.576807022094727 -0.9576807022094727 -4.309563159942627 -0.20000000298023224 1.0199899673461914 18.672269402425737 100210.03937870258 2400059588
3203395597 19933.0 -999.0 -999.0 -999.0 -10.5344877243042 -0.47884035110473633 -5.746084213256836 0.20000000298023224 1.0240000486373901 18.674396524112673 100203.96396846737 3407974366
3203395597 20033.0 -999.0 -999.0 -999.0 -10.5344877243042 -1.436521053314209 -4.788403511047363 -0.20000000298023224 1.020009994506836 18.674928298573942 100212.28120178913 115238881
3203395597 20133.0 -999.0 -999.0 -999.0 -11.013327598571777 -0.9576807022094727 -4.309563159942627 0.0 1.016010046005249 18.674396524112673 100209.9931600907 3990222952
3203395597 20233.0 -999.0 -999.0 -999.0 -10.5344877243042 -0.47884035110473633 -6.703764915466309 -0.20000000298023224 1.01596999168396 18.674396524112673 100205.35532038045 613898060
3203395597 20333.0 -999.0 -999.0 -999.0 -11.013327598571777 -0.9576807022094727 -5.2672438621521 0.0 1.0199799537658691 18.678251834940166 100211.97224807696 3598978809
3203395597 20433.0 -999.0 -999.0 -999.0 -11.013327598571777 -0.9576807022094727 -4.309563159942627 0.10000000149011612 1.020009994506836 18.675194184910506 100206.85493978942 3468376596
3203395597 20533.0 -999.0 -999.0 -999.0 -10.5344877243042 0.0 -4.309563159942627 0.30000001192092896 1.0199999809265137 18.677919485494495 100208.72571246591 2169178533
3203395597 20633.0 -999.0 -999.0 -999.0 -11.492168426513672 -0.47884035110473633 -4.309563159942627 0.10000000149011612 1.0199899673461914 18.677919485494495 100212.43601338103 622227927
3203395597 20733.0 -999.0 -999.0 -999.0 -10.5344877243042 -0.9576807022094727 -5.746084213256836 0.0 1.0200200080871582 18.67885006159544 100212.49791456878 941075910
3203395597 20833.0 -999.0 -999.0 -999.0 -10.5344877243042 -1.9153614044189453 -6.703764915466309 -0.20000000298023224 1.0199899673461914 18.676523607652634 100210.48801319473 3668831972
3203395597 20933.0 -999.0 -999.0 -999.0 -11.97100830078125 -0.47884035110473633 -5.2672438621521 0.10000000149011612 1.0199899673461914 18.678584183454515 100212.59065450382 1936998105
3203395597 21033.0 -999.0 -999.0 -999.0 -10.055646896362305 -0.9576807022094727 -3.8307228088378906 0.0 1.0199999809265137 18.67911593914032 100214.18303160579 1107273125
3203395597 21133.0 -999.0 -999.0 -999.0 -11.97100830078125 -0.47884035110473633 -4.309563159942627 -0.20000000298023224 1.0160000324249268 18.67698890209198 100217.24387005449 2657728406
3203395597 21233.0 -999.0 -999.0 -999.0 -10.055646896362305 -2.3942017555236816 -4.788403511047363 0.0 1.0199899673461914 18.681043533515187 100212.62173138018 842495504
3203395597 21333.0 -999.0 -999.0 -999.0 -10.055646896362305 -0.47884035110473633 -4.788403511047363 -0.10000000149011612 1.0199899673461914 18.680445317924022 100220.28969288478 2945850537
3203395597 21433.0 -999.0 -999.0 -999.0 -10.5344877243042 -0.47884035110473633 -2.873042106628418 -0.10000000149011612 1.0199699401855469 18.677653605267405 100220.56773306982 381978533
3203395597 21533.0 -999.0 -999.0 -999.0 -11.492168426513672 -1.9153614044189453 -4.309563159942627 -0.10000000149011612 1.0199899673461914 18.68084412865341 100223.01062949421 1944825562
3203395597 21633.0 -999.0 -999.0 -999.0 -10.5344877243042 -0.9576807022094727 -3.3518824577331543 0.10000000149011612 1.0199999809265137 18.680245912056417 100224.88119816812 2912260910
3203395597 21733.0 -999.0 -999.0 -999.0 -10.5344877243042 -0.47884035110473633 -4.309563159942627 0.0 1.0199999809265137 18.681442342232913 100226.24175873783 2214945236
3203395597 21833.0 -999.0 -999.0 -999.0 -10.5344877243042 -1.436521053314209 -4.788403511047363 -0.10000000149011612 1.0199899673461914 18.68097706526518 100228.68434788412 3768789493
3203395597 21933.0 -999.0 -999.0 -999.0 -10.055646896362305 -0.47884035110473633 -4.309563159942627 -0.20000000298023224 1.0199799537658691 18.680445317924022 100231.8844485489 542733759
3203395597 22033.0 -999.0 -999.0 -999.0 -10.055646896362305 -0.9576807022094727 -6.224924564361572 -0.10000000149011612 1.0199999809265137 18.679980037044732 100242.13415258983 3016883557
3203395597 22133.0 -999.0 -999.0 -999.0 -10.055646896362305 -0.47884035110473633 -4.788403511047363 -0.10000000149011612 1.0160200595855713 18.68084412865341 100238.85680966033 3971950759
3203395597 22233.0 -999.0 -999.0 -999.0 -10.055646896362305 -2.3942017555236816 -5.2672438621521 -0.20000000298023224 1.0199999809265137 18.68283816218376 100246.27772689771 3196927947
3203395597 22333.0 -999.0 -999.0 -999.0 -11.013327598571777 -0.9576807022094727 -5.2672438621521 0.10000000149011612 1.0199699401855469 18.67964769244194 100252.64666918508 789597402
3203395597 22433.0 -999.0 -999.0 -999.0 -10.5344877243042 -0.9576807022094727 -2.873042106628418 -0.10000000149011612 1.0160000324249268 18.683901633024217 100248.68959286113 3394432968
3203395597 22533.0 -999.0 -999.0 -999.0 -11.013327598571777 -1.436521053314209 -4.309563159942627 -0.10000000149011612 1.0199899673461914 18.68562975279987 100259.06338180538 2849912026
3203395597 22633.0 -999.0 -999.0 -999.0 -10.055646896362305 -0.47884035110473633 -3.8307228088378906 -0.10000000149011612 1.020009994506836 18.683968099635095 100251.48782477307 1364862237
3203395597 22733.0 -999.0 -999.0 -999.0 -11.492168426513672 -1.436521053314209 -2.873042106628418 -0.10000000149011612 1.020009994506836 18.681043533515187 100253.28072881201 125911244
3203395597 22833.0 -999.0 -999.0 -999.0 -9.576807022094727 -0.47884035110473633 -4.309563159942627 0.0 1.0199999809265137 18.682771694939582 100249.35420929184 4255951096
3203395597 22933.0 -999.0 -999.0 -999.0 -11.492168426513672 -0.47884035110473633 -4.788403511047363 0.20000000298023224 1.0199899673461914 18.682971096560358 100253.4974528549 1605817167
3203395597 23033.0 -999.0 -999.0 -999.0 -9.097966194152832 -0.47884035110473633 -4.309563159942627 0.0 1.0199999809265137 18.686959058567883 100249.24654666826 3238997048
3203395597 23133.0 -999.0 -999.0 -999.0 -10.5344877243042 -1.436521053314209 -3.3518824577331543 -0.10000000149011612 1.0159900188446045 18.685762684047223 100245.9534428886 539292928
3203395597 23233.0 -999.0 -999.0 -999.0 -10.5344877243042 -0.9576807022094727 -3.8307228088378906 0.0 1.020009994506836 18.685895615145565 100243.43350169732 1538941663
3203395597 23333.0 -999.0 -999.0 -999.0 -10.055646896362305 0.0 -4.309563159942627 -0.20000000298023224 1.020009994506836 18.684566297456623 100240.57327777479 3773770877
3203395597 23433.0 -999.0 -999.0 -999.0 -10.5344877243042 -0.47884035110473633 -2.873042106628418 -0.20000000298023224 1.0199899673461914 18.68523095816374 100234.93051175718 1511651610
3203395597 23533.0 -999.0 -999.0 -999.0 -9.576807022094727 -0.9576807022094727 -4.788403511047363 0.0 1.0199999809265137 18.688554205819965 100245.83009662593 1077845443
3203395597 23633.0 -999.0 -999.0 -999.0 -10.5344877243042 -0.9576807022094727 -4.309563159942627 -0.30000001192092896 1.0199699401855469 18.688288349434732 100236.33765983954 423293460
3203395597 23733.0 -999.0 -999.0 -999.0 -11.013327598571777 -1.436521053314209 -3.8307228088378906 0.0 1.0199899673461914 18.68709198832512 100237.0641597251 1027634110
3203395597 23833.0 -999.0 -999.0 -999.0 -10.5344877243042 -0.9576807022094727 -3.8307228088378906 -0.10000000149011612 1.0199799537658691 18.687623705863952 100235.17810196438 764842941
3203395597 23933.0 -999.0 -999.0 -999.0 -10.5344877243042 -0.47884035110473633 -4.309563159942627 0.0 1.020009994506836 18.69147858671844 100231.12791152517 874715789
3203395597 24033.0 -999.0 -999.0 -999.0 -11.013327598571777 -0.9576807022094727 -4.788403511047363 -0.10000000149011612 1.0199899673461914 18.686826128661632 100225.9484691896 1623860886
3203395597 24133.0 -999.0 -999.0 -999.0 -11.013327598571777 -1.9153614044189453 -5.746084213256836 0.10000000149011612 1.0159900188446045 18.68562975279987 100232.16323768656 4142581894
3203395597 24233.0 -999.0 -999.0 -999.0 -10.5344877243042 -1.436521053314209 -5.2672438621521 -0.20000000298023224 1.0199699401855469 18.6881554210186 100226.56696509497 4038710973
3203395597 24333.0 -999.0 -999.0 -999.0 -11.97100830078125 -0.47884035110473633 -4.309563159942627 0.0 1.0199899673461914 18.6881554210186 100224.78907199384 1767613488
3203395597 24433.0 -999.0 -999.0 -999.0 -11.013327598571777 -0.47884035110473633 -5.746084213256836 0.10000000149011612 1.0199899673461914 18.69127919940278 100230.69501514829 1202006075
3203395597 24533.0 -999.0 -999.0 -999.0 -11.492168426513672 -0.47884035110473633 -4.309563159942627 0.0 1.0160000324249268 18.691013349127026 100223.67613769596 1709397889
3203395597 24633.0 -999.0 -999.0 -999.0 -10.055646896362305 -0.47884035110473633 -6.224924564361572 -0.10000000149011612 1.0199999809265137 18.693140134643762 100220.38325513134 1694995815
3203395597 24733.0 -999.0 -999.0 -999.0 -10.5344877243042 -0.9576807022094727 -5.2672438621521 0.20000000298023224 1.020009994506836 18.69068103544414 100217.10560618385 2710289104
3203395597 24833.0 -999.0 -999.0 -999.0 -10.5344877243042 -1.436521053314209 -4.788403511047363 0.0 1.0199799537658691 18.69327305747196 100218.32706585966 3315223156
3203395597 24933.0 -999.0 -999.0 -999.0 -9.097966194152832 -0.47884035110473633 -3.3518824577331543 0.10000000149011612 1.0199999809265137 18.690614572595805 100215.23494012337 173516278
3203395597 25033.0 -999.0 -999.0 -999.0 -9.576807022094727 -0.47884035110473633 -5.2672438621521 0.10000000149011612 1.016010046005249 18.693140134643762 100219.45564842032 1231217273
3203395597 25133.0 -999.0 -999.0 -999.0 -10.055646896362305 -0.47884035110473633 -5.2672438621521 0.0 1.0199799537658691 18.693804747294635 100208.71088399802 2728465099
3203395597 25233.0 -999.0 -999.0 -999.0 -10.5344877243042 -0.9576807022094727 -4.309563159942627 -0.10000000149011612 1.0199999809265137 18.693073673173785 100206.9174965813 761393892
3203395597 25333.0 -999.0 -999.0 -999.0 -10.055646896362305 -0.9576807022094727 -4.788403511047363 -0.10000000149011612 1.0199899673461914 18.69613086223602 100214.19929789886 1434229335
3203395597 25433.0 -999.0 -999.0 -999.0 -9.097966194152832 -0.9576807022094727 -4.788403511047363 0.10000000149011612 1.0199899673461914 18.694934580251573 100210.98354954252 3558265437
3203395597 25533.0 -999.0 -999.0 -999.0 -10.5344877243042 -0.9576807022094727 -5.746084213256836 -0.10000000149011612 1.0199999809265137 18.69347244143486 100214.89492680656 542892545
3203395597 25633.0 -999.0 -999.0 -999.0 -10.5344877243042 -0.47884035110473633 -4.309563159942627 -0.10000000149011612 1.0199999809265137 18.695798562895508 100207.78330486838 3874014167
3203395597 25733.0 -999.0 -999.0 -999.0 -10.5344877243042 -0.47884035110473633 -4.788403511047363 -0.10000000149011612 1.0239700078964233 18.694735198747367 100206.84022052868 655627595
3203395597 25833.0 -999.0 -999.0 -999.0 -10.5344877243042 -1.9153614044189453 -5.2672438621521 0.0 1.0199799537658691 18.696596079748122 100211.44738831383 3368697460
3203395597 25933.0 -999.0 -999.0 -999.0 -9.576807022094727 -0.9576807022094727 -5.2672438621521 -0.10000000149011612 1.0199999809265137 18.69327305747196 100206.1135738779 2426188022
3203395597 26033.0 -999.0 -999.0 -999.0 -10.5344877243042 1.436521053314209 -4.309563159942627 -0.4000000059604645 1.020009994506836 18.696795458123088 100210.79806187053 2062392065
3203395597 26133.0 -999.0 -999.0 -999.0 -9.576807022094727 -1.436521053314209 -3.3518824577331543 -0.20000000298023224 1.020009994506836 18.69480165928602 100205.54156715304 1376820815
3203395597 26233.0 -999.0 -999.0 -999.0 -11.492168426513672 -1.436521053314209 -4.788403511047363 0.0 1.020009994506836 18.697260673027486 100208.2007464176 1745853075
3203395597 26333.0 -999.0 -999.0 -999.0 -9.576807022094727 -0.47884035110473633 -4.788403511047363 -0.10000000149011612 1.0199899673461914 18.69500104067847 100206.2836574486 2513437032
3203395597 26433.0 -999.0 -999.0 -999.0 -11.013327598571777 -0.9576807022094727 -4.309563159942627 -0.20000000298023224 1.0159900188446045 18.69387120835483 100205.40241593716 2739122854
3203395597 26533.0 -999.0 -999.0 -999.0 -9.576807022094727 -0.47884035110473633 -5.2672438621521 0.10000000149011612 1.0199799537658691 18.69938734648749 100208.69549036148 4038045883
3203395597 26633.0 -999.0 -999.0 -999.0 -10.055646896362305 -0.9576807022094727 -4.309563159942627 0.0 1.0200200080871582 18.698191097360105 100210.5043363632 3608029762
3203395597 26733.0 -999.0 -999.0 -999.0 -10.055646896362305 -0.47884035110473633 -4.788403511047363 -0.20000000298023224 1.020009994506836 18.69918797247112 100207.56688599085 2969168519
3203395597 26833.0 -999.0 -999.0 -999.0 -10.055646896362305 -0.9576807022094727 -5.2672438621521 -0.20000000298023224 1.0160000324249268 18.697659427206965 100204.11923917674 237094608
3203395597 26933.0 -999.0 -999.0 -999.0 -10.5344877243042 -0.47884035110473633 -3.3518824577331543 0.0 1.0199899673461914 18.69938734648749 100211.71025416852 4105484302
3203395597 27033.0 -999.0 -999.0 -999.0 -9.576807022094727 0.0 -4.788403511047363 -0.10000000149011612 1.0199999809265137 18.699653177987784 100209.76225472579 616194503
3203395597 27133.0 -999.0 -999.0 -999.0 -11.97100830078125 -0.47884035110473633 -3.8307228088378906 -0.10000000149011612 1.0199999809265137 18.695599182844163 100208.2780287278 93989330
3203395597 27233.0 -999.0 -999.0 -999.0 -10.055646896362305 -1.436521053314209 -4.788403511047363 0.10000000149011612 1.0199999809265137 18.699055056273938 100206.37644129756 1156627272
3203395597 27333.0 -999.0 -999.0 -999.0 -9.097966194152832 -0.47884035110473633 -5.2672438621521 0.0 1.0199899673461914 18.697260673027486 100205.80440706297 1729113848
3203395597 27433.0 -999.0 -999.0 -999.0 -10.055646896362305 -0.9576807022094727 -3.8307228088378906 0.0 1.0159900188446045 18.699653177987784 100206.43828240412 4285470764
3203395597 27533.0 -999.0 -999.0 -999.0 -10.5344877243042 -0.47884035110473633 -5.2672438621521 -0.30000001192092896 1.0159900188446045 18.69958672016859 100207.27314050804 3679674373
3203395597 27633.0 -999.0 -999.0 -999.0 -10.5344877243042 -0.47884035110473633 -5.746084213256836 -0.20000000298023224 1.0199899673461914 18.69832401452586 100206.97939166357 1202240761
3203395597 27733.0 -999.0 -999.0 -999.0 -10.055646896362305 -0.9576807022094727 -5.2672438621521 -0.10000000149011612 1.0199799537658691 18.69872276512906 100210.2415171063 759713991
3203395597 27833.0 -999.0 -999.0 -999.0 -10.5344877243042 -0.9576807022094727 -4.309563159942627 0.20000000298023224 1.0199899673461914 18.70383994549513 100206.09812480034 4270431230
3203395597 27933.0 -999.0 -999.0 -999.0 -10.5344877243042 -0.47884035110473633 -4.309563159942627 0.0 1.016010046005249 18.700251296684147 100204.72218169452 1260194154
3203395597 28033.0 -999.0 -999.0 -999.0 -10.5344877243042 -0.9576807022094727 -4.788403511047363 0.10000000149011612 1.0199799537658691 18.70310893325135 100206.85569566433 1307760692
3203395597 28133.0 -999.0 -999.0 -999.0 -11.492168426513672 -1.436521053314209 -4.309563159942627 0.0 1.0199999809265137 18.70344121210277 100207.70601819688 838564749
3203395597 28233.0 -999.0 -999.0 -999.0 -11.013327598571777 -2.3942017555236816 -4.309563159942627 0.10000000149011612 1.0199799537658691 18.70364057896659 100209.83956193752 1190653637
3203395597 28333.0 -999.0 -999.0 -999.0 -10.5344877243042 -0.9576807022094727 -5.2672438621521 -0.20000000298023224 1.0199899673461914 18.704903227984904 100211.13823856632 492962188
3203395597 28433.0 -999.0 -999.0 -999.0 -10.055646896362305 -0.9576807022094727 -4.788403511047363 -0.20000000298023224 1.0199999809265137 18.702510828971864 100211.20008282075 348025335
3203395597 28533.0 -999.0 -999.0 -999.0 -9.576807022094727 -0.47884035110473633 -5.746084213256836 0.10000000149011612 1.0199899673461914 18.70417222229764 100208.88100905009 9873752
3203395597 28633.0 -999.0 -999.0 -999.0 -9.576807022094727 -0.47884035110473633 -5.746084213256836 0.0 1.0199899673461914 18.70357412338257 100221.57406009006 2661042580
3203395597 28733.0 -999.0 -999.0 -999.0 -11.013327598571777 -0.47884035110473633 -3.3518824577331543 0.0 1.020009994506836 18.70437158793211 100214.49316869825 1202978246
3203395597 28833.0 -999.0 -999.0 -999.0 -10.5344877243042 -0.47884035110473633 -4.788403511047363 0.0 1.0199799537658691 18.707096218001098 100218.45108371941 2922875515
3203395597 28933.0 -999.0 -999.0 -999.0 -11.013327598571777 -0.47884035110473633 -5.2672438621521 0.0 1.020009994506836 18.70696331067011 100220.27543226551 1265731438
3203395597 29033.0 -999.0 -999.0 -999.0 -11.013327598571777 -0.47884035110473633 -4.309563159942627 0.10000000149011612 1.0199899673461914 18.70596650093794 100218.49745640875 3168173773
3203395597 29133.0 -999.0 -999.0 -999.0 -10.055646896362305 -0.47884035110473633 -2.3942017555236816 -0.10000000149011612 1.0200400352478027 18.706165863554926 100219.62607919858 815507274
3203395597 29233.0 -999.0 -999.0 -999.0 -11.492168426513672 -0.47884035110473633 -5.2672438621521 0.10000000149011612 1.0160200595855713 18.70596650093794 100222.28529214536 2837907422
3203395597 29333.0 -999.0 -999.0 -999.0 -10.5344877243042 -0.9576807022094727 -4.309563159942627 -0.20000000298023224 1.0199799537658691 18.705434865653515 100222.78001937646 4204270153
3203395597 29433.0 -999.0 -999.0 -999.0 -10.5344877243042 -0.9576807022094727 -3.3518824577331543 -0.30000001192092896 1.0199999809265137 18.70782720565796 100227.58831310511 2294796984
3203395597 29533.0 -999.0 -999.0 -999.0 -11.492168426513672 -1.9153614044189453 -5.746084213256836 -0.20000000298023224 1.0199899673461914 18.706896856948735 100225.59387315458 652258369
3203395597 29633.0 -999.0 -999.0 -999.0 -11.492168426513672 -1.436521053314209 -5.2672438621521 -0.4000000059604645 1.0199899673461914 18.706298771779984 100228.77873547061 2202775440
3203395597 29733.0 -999.0 -999.0 -999.0 -10.5344877243042 -1.436521053314209 -3.3518824577331543 0.30000001192092896 1.0199999809265137 18.706697495561095 100228.9488142255 1789633762
3203395597 29833.0 -999.0 -999.0 -999.0 -10.5344877243042 -0.9576807022094727 -5.2672438621521 0.10000000149011612 1.0199999809265137 18.70855818880722 100234.40647438794 334008367
3203395597 29933.0 -999.0 -999.0 -999.0 -11.013327598571777 -0.47884035110473633 -4.788403511047363 0.0 1.020009994506836 18.708956904988735 100235.42689281175 1445571103
3203395597 30033.0 -999.0 -999.0 -999.0 -11.492168426513672 -0.9576807022094727 -3.3518824577331543 0.10000000149011612 1.0199899673461914 18.70889045238495 100230.46401998008 3838994758
3203395597 30133.0 -999.0 -999.0 -999.0 -11.013327598571777 -0.47884035110473633 -5.2672438621521 0.0 1.0240000486373901 18.70902335755527 100232.19561761504 1547163117
3203395597 30233.0 -999.0 -999.0 -999.0 -10.5344877243042 -0.47884035110473633 -5.2672438621521 -0.20000000298023224 1.020009994506836 18.70915626257658 100230.68047679219 1976540247
3203395597 30333.0 -999.0 -999.0 -999.0 -11.013327598571777 0.47884035110473633 -5.2672438621521 -0.30000001192092896 1.0199999809265137 18.709687881171703 100230.64957016768 3853635114
3203395597 30433.0 -999.0 -999.0 -999.0 -11.013327598571777 -1.9153614044189453 -4.788403511047363 -0.10000000149011612 1.0199899673461914 18.712213036939502 100235.87537006324 3150379649
3203395597 30533.0 -999.0 -999.0 -999.0 -10.055646896362305 -0.47884035110473633 -4.309563159942627 0.10000000149011612 1.0199799537658691 18.71307689366862 100232.82961937893 297260607
3203395597 30633.0 -999.0 -999.0 -999.0 -10.5344877243042 -0.47884035110473633 -1.9153614044189453 0.10000000149011612 1.0199799537658691 18.709355619829147 100227.63473024502 3415154448
3203395597 30733.0 -999.0 -999.0 -999.0 -9.576807022094727 -0.9576807022094727 -4.788403511047363 0.0 1.020009994506836 18.70955497674644 100228.14493676685 2851920774
3203395597 30833.0 -999.0 -999.0 -999.0 -10.5344877243042 -0.9576807022094727 -5.2672438621521 -0.10000000149011612 1.0159800052642822 18.713209794145076 100231.08255159773 375155161
3203395597 30933.0 -999.0 -999.0 -999.0 -9.097966194152832 -0.47884035110473633 -4.309563159942627 -0.10000000149011612 1.020009994506836 18.71088401429355 100226.13506929623 475055962
3203395597 31033.0 -999.0 -999.0 -999.0 -10.5344877243042 -0.47884035110473633 -5.2672438621521 -0.30000001192092896 1.0160200595855713 18.711149820014835 100222.33173262529 2229843988
3203395597 31133.0 -999.0 -999.0 -999.0 -11.97100830078125 1.436521053314209 -3.8307228088378906 0.10000000149011612 1.0199999809265137 18.7108175627701 100221.55869487853 4293415069
3203395597 31233.0 -999.0 -999.0 -999.0 -10.5344877243042 -0.9576807022094727 -4.309563159942627 -0.10000000149011612 1.0160000324249268 18.712744641825555 100219.84254990699 2802662255
3203395597 31333.0 -999.0 -999.0 -999.0 -9.097966194152832 -0.47884035110473633 -5.2672438621521 0.10000000149011612 1.0199899673461914 18.71128272265196 100210.92170909 769707000
3203395597 31433.0 -999.0 -999.0 -999.0 -10.5344877243042 -0.47884035110473633 -4.788403511047363 0.10000000149011612 1.0159900188446045 18.711947233602405 100215.7918339303 1367482124
3203395597 31533.0 -999.0 -999.0 -999.0 -9.576807022094727 -0.47884035110473633 -4.309563159942627 0.10000000149011612 1.0199999809265137 18.712013684492558 100215.34347101388 3410132006
3203395597 31633.0 -999.0 -999.0 -999.0 -11.492168426513672 -0.47884035110473633 -4.309563159942627 0.10000000149011612 1.0199899673461914 18.713874294292182 100218.25007741261 1876318639
3203395597 31733.0 -999.0 -999.0 -999.0 -10.5344877243042 -0.9576807022094727 -4.309563159942627 0.20000000298023224 1.0159900188446045 18.71420654296875 100216.0082519177 2317502024
3203395597 31833.0 -999.0 -999.0 -999.0 -11.013327598571777 -0.9576807022094727 -3.8307228088378906 -0.20000000298023224 1.0199999809265137 18.713741394560785 100222.00705868233 4268822488
3203395597 31933.0 -999.0 -999.0 -999.0 -10.5344877243042 0.47884035110473633 -3.3518824577331543 0.10000000149011612 1.0199799537658691 18.714272992592306 100217.18327462682 534286133
3203395597 32033.0 -999.0 -999.0 -999.0 -10.5344877243042 -0.47884035110473633 -4.788403511047363 -0.10000000149011612 1.0199899673461914 18.713874294292182 100220.25998487655 2011643839
3203395597 32133.0 -999.0 -999.0 -999.0 -10.5344877243042 -0.47884035110473633 -5.746084213256836 0.0 1.0199899673461914 18.713010443374515 100222.3008151764 295963540
3203395597 32233.0 -999.0 -999.0 -999.0 -10.5344877243042 -0.9576807022094727 -5.2672438621521 0.0 1.0199999809265137 18.718193454444407 100221.88333275449 3902104956
3203395597 32333.0 -999.0 -999.0 -999.0 -10.055646896362305 0.0 -5.2672438621521 -0.10000000149011612 1.0199999809265137 18.717595426272602 100223.05837359969 2177333306
3203395597 32433.0 -999.0 -999.0 -999.0 -11.492168426513672 -0.47884035110473633 -6.224924564361572 0.0 1.0199899673461914 18.71666515422985 100218.04904317952 1645292099
3203395597 32533.0 -999.0 -999.0 -999.0 -10.055646896362305 -1.9153614044189453 -5.2672438621521 -0.10000000149011612 1.0240100622177124 18.716997395083308 100224.6199337428 3129382218
3203395597 32633.0 -999.0 -999.0 -999.0 -11.492168426513672 0.0 -3.8307228088378906 -0.20000000298023224 1.020009994506836 18.718924373667686 100226.53708261345 48295917
3203395597 32733.0 -999.0 -999.0 -999.0 -10.5344877243042 -0.9576807022094727 -5.2672438621521 0.0 1.020009994506836 18.718060559555887 100235.5353720368 1864482085
3203395597 32833.0 -999.0 -999.0 -999.0 -10.055646896362305 -0.47884035110473633 -4.309563159942627 0.0 1.0199799537658691 18.716598705947398 100228.3150957078 2180061104
3203395597 32933.0 -999.0 -999.0 -999.0 -9.576807022094727 -0.47884035110473633 -3.3518824577331543 0.10000000149011612 1.0199999809265137 18.717794769331814 100226.27425152343 419949683
3203395597 33033.0 -999.0 -999.0 -999.0 -9.576807022094727 -0.47884035110473633 -4.309563159942627 0.0 1.0200200080871582 18.716997395083308 100227.55751126262 353235697
3203395597 33133.0 -999.0 -999.0 -999.0 -10.055646896362305 -0.47884035110473633 -5.2672438621521 -0.20000000298023224 1.0240000486373901 18.720053967237472 100232.28858081327 1269073608
3203395597 33233.0 -999.0 -999.0 -999.0 -10.055646896362305 -0.47884035110473633 -4.788403511047363 0.20000000298023224 1.0199899673461914 18.719788181483747 100235.47355200603 4056306391
3203395597 33333.0 -999.0 -999.0 -999.0 -10.5344877243042 -1.436521053314209 -4.788403511047363 -0.10000000149011612 1.020009994506836 18.722047341391445 100231.82474994898 1574587189
3203395597 33433.0 -999.0 -999.0 -999.0 -11.97100830078125 -0.47884035110473633 -4.788403511047363 -0.10000000149011612 1.0199999809265137 18.719854627978055 100236.33937060685 2835687847
3203395597 33533.0 -999.0 -999.0 -999.0 -10.055646896362305 -1.436521053314209 -4.788403511047363 0.10000000149011612 1.0199999809265137 18.720851320922375 100241.59614544583 1618684045
3203395597 33633.0 -999.0 -999.0 -999.0 -10.5344877243042 -0.47884035110473633 -5.746084213256836 -0.10000000149011612 1.020009994506836 18.719588841777295 100251.89315677047 4258594391
3203395597 33733.0 -999.0 -999.0 -999.0 -9.576807022094727 -0.9576807022094727 -4.788403511047363 -0.30000001192092896 1.0199899673461914 18.720120413582773 100254.0268060849 4202648934
3203395597 33833.0 -999.0 -999.0 -999.0 -10.055646896362305 -0.47884035110473633 -5.2672438621521 -0.20000000298023224 1.0199999809265137 18.720651983004064 100246.34268643003 918108579
3203395597 33933.0 -999.0 -999.0 -999.0 -12.449849128723145 -1.436521053314209 -5.2672438621521 -0.10000000149011612 1.0200200080871582 18.7228446816653 100257.05732098999 2800624476
3203395597 34033.0 -999.0 -999.0 -999.0 -9.576807022094727 -0.9576807022094727 -6.224924564361572 -0.20000000298023224 1.0199899673461914 18.722711791992186 100246.89935080832 3354348357
3203395597 34133.0 -999.0 -999.0 -999.0 -11.013327598571777 -1.436521053314209 -4.309563159942627 0.10000000149011612 1.0199999809265137 18.721582223754375 100249.03294661018 2378070918
3203395597 34233.0 -999.0 -999.0 -999.0 -10.055646896362305 -1.436521053314209 -4.788403511047363 -0.10000000149011612 1.020009994506836 18.72264534709975 100245.3377748121 1555868454
3203395597 34333.0 -999.0 -999.0 -999.0 -11.013327598571777 -1.436521053314209 -4.309563159942627 0.0 1.0199999809265137 18.72151577822864 100235.33441831803 2138067230
3203395597 34433.0 -999.0 -999.0 -999.0 -11.013327598571777 -0.47884035110473633 -4.309563159942627 -0.10000000149011612 1.0199899673461914 18.722711791992186 100234.53044575185 1157741552
3203395597 34533.0 -999.0 -999.0 -999.0 -10.5344877243042 -0.47884035110473633 -5.746084213256836 0.10000000149011612 1.0199999809265137 18.723044015895574 100232.44319196383 3752639916
3203395597 34633.0 -999.0 -999.0 -999.0 -11.013327598571777 -0.9576807022094727 -5.2672438621521 0.4000000059604645 1.0199799537658691 18.724970896169545 100224.69711436843 2967015848
3203395597 34733.0 -999.0 -999.0 -999.0 -9.576807022094727 -0.47884035110473633 -4.788403511047363 -0.10000000149011612 1.0199799537658691 18.72337623886764 100219.45582106692 776007598
3203395597 34833.0 -999.0 -999.0 -999.0 -11.492168426513672 -0.47884035110473633 -6.224924564361572 0.0 1.0239900350570679 18.724904452543704 100225.22279711755 206572749
3203395597 34933.0 -999.0 -999.0 -999.0 -10.5344877243042 -1.9153614044189453 -4.309563159942627 -0.20000000298023224 1.0199899673461914 18.722977571189404 100212.6374712394 2085943679
3203395597 35033.0 -999.0 -999.0 -999.0 -9.576807022094727 -1.9153614044189453 -4.788403511047363 0.10000000149011612 1.0199899673461914 18.72510378330946 100218.46624175028 1045169171
3203395597 35133.0 -999.0 -999.0 -999.0 -9.576807022094727 -0.47884035110473633 -4.309563159942627 0.0 1.0199999809265137 18.724970896169545 100212.25084095882 1232704365
3203395597 35233.0 -999.0 -999.0 -999.0 -10.5344877243042 -0.9576807022094727 -3.8307228088378906 0.0 1.0200200080871582 18.725236670300365 100212.2353653938 1599485096
3203395597 35333.0 -999.0 -999.0 -999.0 -9.576807022094727 -0.47884035110473633 -3.3518824577331543 -0.30000001192092896 1.0199899673461914 18.724240014236422 100210.53468804396 3766044587
3203395597 35433.0 -999.0 -999.0 -999.0 -9.576807022094727 -0.47884035110473633 -4.309563159942627 0.0 1.0199799537658691 18.724838008880614 100211.13764133063 1622595814
3203395597 35533.0 -999.0 -999.0 -999.0 -11.013327598571777 -0.47884035110473633 -3.8307228088378906 0.0 1.0199899673461914 18.725967546086757 100204.59747065126 232428617
3203395597 35633.0 -999.0 -999.0 -999.0 -12.449849128723145 -0.47884035110473633 -3.8307228088378906 -0.20000000298023224 1.0199999809265137 18.726166875064372 100207.04033356125 3987457052
3203395597 35733.0 -999.0 -999.0 -999.0 -10.5344877243042 -0.47884035110473633 -4.788403511047363 0.0 1.0199899673461914 18.72749572634697 100210.9828709875 2827510743
3203395597 35833.0 -999.0 -999.0 -999.0 -11.013327598571777 -2.3942017555236816 -4.309563159942627 0.0 1.0199699401855469 18.72749572634697 100208.74098303125 1420604469
3203395597 35933.0 -999.0 -999.0 -999.0 -10.5344877243042 -0.47884035110473633 -5.746084213256836 0.30000001192092896 1.0199899673461914 18.724240014236422 100204.2729085212 4053600170
3203395597 36033.0 -999.0 -999.0 -999.0 -10.055646896362305 -2.3942017555236816 -4.788403511047363 -0.30000001192092896 1.020009994506836 18.724904452543704 100205.58706433701 2811804706
3203395597 36133.0 -999.0 -999.0 -999.0 -11.013327598571777 -0.9576807022094727 -4.788403511047363 0.20000000298023224 1.0199999809265137 18.72550244383514 100205.72617406503 1556194574
3203395597 36233.0 -999.0 -999.0 -999.0 -10.055646896362305 -0.47884035110473633 -5.2672438621521 -0.30000001192092896 1.0199999809265137 18.72889100415632 100206.3598385969 3522485707
3203395597 36333.0 -999.0 -999.0 -999.0 -11.492168426513672 -0.47884035110473633 -3.8307228088378906 0.0 1.0199999809265137 18.726499089282004 100206.80839178231 169827926
3203395597 36433.0 -999.0 -999.0 -999.0 -9.576807022094727 -1.436521053314209 -4.309563159942627 0.0 1.0239900350570679 18.728226588200776 100211.30751199916 541954792
3203395597 36533.0 -999.0 -999.0 -999.0 -11.492168426513672 -0.9576807022094727 -3.3518824577331543 -0.4000000059604645 1.0199799537658691 18.726233317982405 100210.3799596031 2347908799
3203395597 36633.0 -999.0 -999.0 -999.0 -10.5344877243042 -1.436521053314209 -4.309563159942627 0.10000000149011612 1.0199899673461914 18.727097072526814 100208.95746788997 3456700686
3203395597 36733.0 -999.0 -999.0 -999.0 -10.055646896362305 -0.47884035110473633 -2.873042106628418 -0.10000000149011612 1.0199999809265137 18.729090328216554 100203.77777755758 4010376394
3203395597 36833.0 -999.0 -999.0 -999.0 -10.5344877243042 0.9576807022094727 -3.8307228088378906 -0.10000000149011612 1.020009994506836 18.72922321073711 100214.78625181303 36417516
3203395597 36933.0 -999.0 -999.0 -999.0 -11.97100830078125 -0.9576807022094727 -5.746084213256836 0.10000000149011612 1.0160000324249268 18.727562168519945 100216.33247609067 1107507290
3203395597 37033.0 -999.0 -999.0 -999.0 -11.492168426513672 -0.47884035110473633 -5.2672438621521 0.10000000149011612 1.0199899673461914 18.727695052754132 100212.03422699004 1126010133
3203395597 37133.0 -999.0 -999.0 -999.0 -10.055646896362305 -0.9576807022094727 -6.224924564361572 -0.20000000298023224 1.0240000486373901 18.728093704562635 100211.50851762304 81492230
